Ambient Temperature(C): 22.5
Ambient Pressure(in Hg): 29.5
Time(s)	T1(Deg C)	Wall Temp(Deg C)	Top Plate(Deg C)	Bottom Plate(Deg C)	P1(PSI)	P2(PSI)	Mass Flowrate(g/min)	Heater Energy (kJ)

0.00	22.20	21.90	22.20	21.70	0.40	1.00	0.00	0.00
0.10	22.20	21.90	22.20	21.70	0.00	1.10	0.00	0.00
0.20	22.20	22.00	22.10	21.60	0.00	1.30	0.00	0.00
0.30	22.20	21.90	22.00	21.70	0.00	1.30	0.00	0.00
0.40	22.20	21.90	22.00	21.70	0.70	1.30	0.00	0.00
0.50	22.20	21.90	22.10	21.70	0.70	1.10	0.00	0.00
0.60	22.10	21.90	22.00	21.70	0.20	1.00	0.00	0.00
0.70	22.10	21.90	22.00	21.70	-0.30	1.30	0.00	0.00
0.80	22.10	21.90	22.00	21.60	0.70	1.40	0.00	0.00
0.90	22.40	22.00	22.10	21.70	0.00	1.10	0.00	0.00
1.00	22.40	22.00	22.10	21.70	0.40	1.10	0.00	0.00
1.10	22.10	21.90	22.00	21.60	0.70	1.00	0.00	0.00
1.20	22.20	21.90	22.00	21.70	0.70	1.00	0.00	0.00
1.30	22.20	21.90	22.00	21.70	0.20	1.10	0.00	0.00
1.40	22.30	22.00	22.00	21.70	0.20	1.00	0.00	0.00
1.50	22.30	21.80	22.10	21.60	0.40	1.00	0.00	0.00
1.60	22.30	21.80	22.10	21.60	0.20	1.00	0.00	0.00
1.70	22.10	21.90	22.00	21.60	0.20	1.40	0.00	0.00
1.80	22.30	22.00	22.10	21.60	0.20	1.30	0.00	0.00
1.90	22.30	22.00	22.10	21.60	0.50	1.10	0.00	0.00
2.00	22.20	21.90	21.90	21.70	0.40	1.60	0.00	0.00
2.10	22.20	21.90	21.90	21.70	0.40	1.60	0.00	0.00
2.20	22.20	22.10	22.20	21.70	0.70	-0.90	0.00	0.00
2.30	22.20	22.10	22.10	21.80	0.40	1.30	0.00	0.00
2.40	22.20	22.10	22.10	21.80	0.40	1.10	0.00	0.00
2.50	22.30	22.00	22.10	21.70	0.40	0.80	0.00	0.00
2.60	22.20	22.00	22.10	21.70	0.20	1.10	0.00	0.00
2.70	22.20	22.00	22.10	21.70	0.20	1.40	0.00	0.00
2.80	22.20	22.10	22.00	21.60	0.70	1.10	0.00	0.00
2.90	22.20	21.90	22.00	21.70	0.40	0.80	0.00	0.00
3.00	22.20	21.90	22.00	21.70	0.00	1.10	0.00	0.00
3.10	22.10	22.00	22.00	21.60	0.00	1.10	0.00	0.00
3.20	22.10	22.00	22.00	21.60	0.50	1.10	0.00	0.00
3.30	22.30	22.00	22.00	21.70	0.40	1.00	0.00	0.00
3.40	22.20	22.00	22.00	21.70	0.20	1.10	0.00	0.00
3.50	22.20	22.00	22.00	21.70	0.50	1.30	0.00	0.00
3.60	22.20	22.00	22.10	21.60	0.80	1.10	0.00	0.00
3.70	22.30	22.00	22.10	21.80	0.40	1.10	0.00	0.00
3.80	22.30	22.00	22.10	21.80	0.50	1.10	0.00	0.00
3.90	22.20	21.90	22.20	21.70	-0.10	1.30	0.00	0.00
4.00	22.20	22.00	22.00	21.70	0.40	1.40	0.00	0.00
4.10	22.20	22.00	22.00	21.70	0.40	1.40	0.00	0.00
4.20	22.30	22.00	22.10	21.70	-0.40	1.10	0.00	0.00
4.30	22.20	22.00	22.10	21.80	0.50	0.80	0.00	0.00
4.40	22.20	22.00	22.10	21.80	0.00	1.30	0.00	0.00
4.50	22.10	21.90	22.00	21.60	-0.10	1.00	0.00	0.00
4.60	22.30	22.00	22.10	21.70	0.00	1.10	0.00	0.00
4.70	22.30	22.00	22.10	21.70	0.00	1.10	0.00	0.00
4.80	22.10	21.90	22.00	21.60	-0.10	1.40	0.00	0.00
4.90	22.10	21.90	22.00	21.60	-0.10	1.00	0.00	0.00
5.00	22.20	21.90	22.10	21.70	-0.10	1.00	0.00	0.00
5.10	22.10	22.00	22.10	21.70	0.20	1.70	0.00	0.00
5.20	22.10	22.00	22.10	21.70	0.50	1.30	0.00	0.00
5.30	22.30	22.00	22.00	21.70	0.50	1.00	0.00	0.00
5.40	22.40	22.00	22.10	21.80	0.40	1.60	0.00	0.00
5.50	22.40	22.00	22.10	21.80	0.20	1.10	0.00	0.00
5.60	22.10	22.00	22.10	21.60	0.50	1.90	0.00	0.00
5.70	22.20	22.00	22.20	21.70	0.40	0.40	0.00	0.00
5.80	22.20	22.00	22.20	21.70	1.00	1.00	0.00	0.00
5.90	22.30	22.10	22.10	21.60	0.00	0.80	0.00	0.00
6.00	22.30	22.10	22.10	21.60	0.00	0.80	0.00	0.00
6.10	22.20	22.00	22.10	21.60	0.00	1.30	0.00	0.00
6.20	22.20	22.00	22.10	21.60	0.40	1.00	0.00	0.00
6.30	22.20	22.00	22.00	21.70	0.00	1.30	0.00	0.00
6.40	22.20	21.80	21.90	21.60	0.20	1.00	0.00	0.00
6.50	22.20	21.80	21.90	21.60	0.20	1.30	0.00	0.00
6.60	22.30	22.00	22.20	21.70	0.50	1.10	0.00	0.00
6.70	22.20	21.90	22.00	21.70	-0.10	1.40	0.00	0.00
6.80	22.20	21.90	22.00	21.70	-0.30	1.40	0.00	0.00
6.90	22.20	22.00	22.10	21.70	-0.30	1.40	0.00	0.00
7.00	22.30	21.90	22.10	21.80	0.20	1.30	0.00	0.00
7.10	22.30	21.90	22.10	21.80	0.50	1.40	0.00	0.00
7.20	22.20	22.00	22.10	21.70	0.40	0.80	0.00	0.00
7.30	22.20	21.90	22.00	21.60	0.40	1.30	0.00	0.00
7.40	22.20	21.90	22.00	21.60	0.40	1.00	0.00	0.00
7.50	22.20	22.00	22.10	21.70	0.20	1.10	0.00	0.00
7.60	22.30	22.00	22.20	21.80	0.50	1.00	0.00	0.00
7.70	22.30	22.00	22.20	21.80	0.40	1.00	0.00	0.00
7.80	22.10	21.90	22.00	21.60	0.40	1.00	0.00	0.00
7.90	22.20	22.00	22.00	21.60	0.40	1.00	0.00	0.00
8.00	22.20	22.00	22.00	21.60	0.20	1.40	0.00	0.00
8.10	22.20	21.80	22.00	21.50	0.50	0.80	0.00	0.00
8.20	22.10	21.90	22.10	21.60	0.00	1.40	0.00	0.00
8.30	22.10	21.90	22.10	21.60	0.40	1.10	0.00	0.00
8.40	22.10	22.00	22.00	21.50	0.00	0.80	0.00	0.00
8.50	22.10	21.90	22.00	21.60	-0.10	1.30	0.00	0.00
8.60	22.10	21.90	22.00	21.60	0.40	1.30	0.00	0.00
8.70	22.20	21.90	22.10	21.60	-0.10	1.10	0.00	0.00
8.80	22.30	22.00	22.10	21.70	-0.10	1.10	0.00	0.00
8.90	22.30	22.00	22.10	21.70	0.00	1.10	0.00	0.00
9.00	22.20	21.90	22.10	21.60	-0.10	1.30	0.00	0.00
9.10	22.20	21.90	22.10	21.60	0.50	1.30	0.00	0.00
9.20	22.10	21.90	22.00	21.60	0.20	1.30	0.00	0.00
9.30	22.20	22.00	22.10	21.70	0.40	1.10	0.00	0.00
9.40	22.20	22.00	22.10	21.70	0.50	1.00	0.00	0.00
9.50	22.10	22.00	22.10	21.60	0.20	1.10	0.00	0.00
9.60	22.10	22.00	22.10	21.60	-0.10	1.60	0.00	0.00
9.70	22.10	21.90	22.00	21.60	-0.10	1.60	0.00	0.00
9.80	22.20	22.00	22.10	21.60	0.20	1.10	0.00	0.00
9.90	22.20	22.00	22.10	21.60	0.80	1.10	0.00	0.00
10.00	22.30	21.90	22.10	21.60	0.00	1.00	0.00	0.00
10.10	22.20	22.00	22.10	21.70	-0.10	1.40	0.00	0.00
10.20	22.20	22.00	22.10	21.70	0.40	1.10	0.00	0.00
10.30	22.20	22.00	22.10	21.70	0.40	1.00	0.00	0.00
10.40	22.20	22.00	22.10	21.70	-0.30	1.40	0.00	0.00
10.50	22.20	21.90	22.10	21.60	0.40	1.00	0.00	0.00
10.60	22.10	21.80	22.00	21.60	0.40	1.40	0.00	0.00
10.70	22.10	21.80	22.00	21.60	0.40	1.40	0.00	0.00
10.80	22.20	22.00	22.00	21.60	0.20	1.10	0.00	0.00
10.90	22.20	22.00	22.00	21.70	0.00	1.00	0.00	0.00
11.00	22.20	22.00	22.00	21.70	0.00	1.30	0.00	0.00
11.10	22.10	21.90	22.10	21.50	0.40	1.10	0.00	0.00
11.20	22.10	21.90	22.00	21.60	0.80	1.30	0.00	0.00
11.30	22.10	21.90	22.00	21.60	0.40	1.30	0.00	0.00
11.40	22.30	22.00	22.20	21.70	0.80	1.00	0.00	0.00
11.50	22.20	22.00	22.10	21.70	0.20	1.10	0.00	0.00
11.60	22.20	22.00	22.10	21.70	0.40	1.60	0.00	0.00
11.70	22.20	22.00	22.10	21.80	0.40	1.60	0.00	0.00
11.80	22.20	22.00	22.10	21.80	0.40	1.60	0.00	0.00
11.90	22.20	22.00	22.10	21.70	0.00	1.40	0.00	0.00
12.00	22.30	22.00	22.10	21.60	0.40	1.30	0.00	0.00
12.10	22.30	22.00	22.10	21.60	-0.10	1.30	0.00	0.00
12.20	22.30	22.00	22.20	21.80	0.40	1.30	0.00	0.00
12.30	22.20	21.90	22.10	21.70	0.00	1.40	0.00	0.00
12.40	22.20	21.90	22.10	21.70	0.50	1.10	0.00	0.00
12.50	22.10	21.90	22.10	21.60	0.40	1.30	0.00	0.00
12.60	22.40	22.10	22.20	21.70	0.00	1.00	0.01	0.00
12.70	22.40	22.10	22.20	21.70	0.00	1.00	0.01	0.00
12.80	22.20	21.90	22.00	21.70	0.20	1.10	0.01	0.00
12.90	22.20	22.10	22.10	21.70	0.40	1.40	0.01	0.00
13.00	22.20	22.10	22.10	21.70	0.20	1.00	0.01	0.00
13.10	22.30	22.00	22.10	21.60	0.00	1.10	0.01	0.00
13.20	22.40	22.00	22.10	21.70	0.00	0.70	0.05	0.00
13.30	22.40	22.00	22.10	21.70	0.00	1.10	1.37	0.00
13.40	22.20	21.90	22.00	21.60	0.20	1.00	3.53	0.00
13.50	22.20	21.90	21.90	21.70	0.20	1.40	5.56	0.00
13.60	22.20	21.90	21.90	21.70	0.20	1.40	7.71	0.00
13.70	22.20	21.80	22.00	21.70	0.40	1.00	9.48	0.00
13.80	22.20	22.00	22.00	21.70	0.40	0.70	10.94	0.00
13.90	22.20	22.00	22.00	21.70	0.50	1.30	12.35	0.00
14.00	22.50	22.00	22.10	21.70	0.40	1.30	13.31	0.00
14.10	22.40	22.00	22.00	21.80	0.50	0.50	13.94	0.00
14.20	22.40	22.00	22.00	21.80	0.80	1.00	14.49	0.00
14.30	22.40	22.00	22.00	21.70	0.20	0.80	15.24	0.00
14.40	22.50	21.90	22.10	21.60	0.70	1.10	15.97	0.00
14.50	22.50	21.90	22.10	21.60	0.40	1.10	16.79	0.00
14.60	22.60	22.00	22.10	21.70	0.40	1.10	17.59	0.00
14.70	22.60	22.00	22.10	21.70	1.00	1.00	18.34	0.00
14.80	22.60	21.80	22.10	21.70	0.80	1.00	19.06	0.00
14.90	22.70	22.10	22.10	21.70	1.00	1.10	19.76	0.00
15.00	22.70	22.10	22.10	21.70	0.80	1.70	20.40	0.00
15.10	22.60	21.80	21.90	21.60	1.00	1.10	21.17	0.00
15.20	22.80	21.80	22.20	21.60	1.30	1.30	22.07	0.00
15.30	22.80	21.80	22.20	21.60	1.00	1.00	23.04	0.00
15.40	22.80	21.90	22.10	21.70	1.00	1.10	24.11	0.00
15.50	22.90	21.90	22.00	21.60	1.00	1.10	25.21	0.00
15.60	22.90	21.90	22.00	21.60	1.40	1.00	26.30	0.00
15.70	23.00	21.90	22.10	21.70	1.60	1.00	27.13	0.00
15.80	23.00	21.90	22.10	21.70	1.10	1.30	27.46	0.00
15.90	23.00	21.90	22.10	21.70	1.10	1.40	27.65	0.00
16.00	23.20	21.90	22.00	21.60	1.30	1.10	28.26	0.00
16.10	23.20	21.90	22.00	21.60	1.40	1.00	28.89	0.00
16.20	23.10	21.90	21.90	21.60	-0.10	1.60	29.26	0.00
16.30	23.30	22.00	22.10	21.70	1.90	1.00	29.58	0.00
16.40	23.30	22.00	22.10	21.70	1.90	1.00	29.91	0.00
16.50	23.30	22.00	21.90	21.70	1.60	1.30	30.46	0.00
16.60	23.40	22.00	22.10	21.60	2.00	1.10	31.29	0.00
16.70	23.40	22.00	22.10	21.60	1.70	1.10	32.17	0.00
16.80	23.30	21.90	22.00	21.60	2.50	1.00	32.86	0.00
16.90	23.50	21.90	22.10	21.70	2.80	1.30	33.79	0.00
17.00	23.50	21.90	22.10	21.70	2.20	1.00	34.66	0.00
17.10	23.30	21.90	22.10	21.60	2.20	1.10	35.64	0.00
17.20	23.60	21.90	22.00	21.60	2.50	1.10	36.80	0.00
17.30	23.60	21.90	22.00	21.60	2.50	1.10	37.45	0.00
17.40	23.70	22.10	22.10	21.70	2.20	1.40	38.10	0.00
17.50	23.70	22.00	22.10	21.60	2.50	1.60	38.09	0.00
17.60	23.70	22.00	22.10	21.60	2.20	1.00	38.44	0.00
17.70	23.80	22.00	22.10	21.70	2.50	1.10	40.33	0.00
17.80	23.80	22.00	22.10	21.70	2.80	1.10	42.15	0.00
17.90	23.80	21.90	22.00	21.70	2.80	1.10	43.51	0.00
18.00	23.90	22.00	22.00	21.70	3.40	1.60	44.58	0.00
18.10	23.90	22.00	22.00	21.70	3.30	1.60	45.58	0.00
18.20	24.10	22.00	22.20	21.90	3.40	1.10	46.92	0.00
18.30	24.00	21.90	21.90	21.70	3.40	1.10	48.39	0.00
18.40	24.00	21.90	21.90	21.70	3.10	1.10	49.54	0.00
18.50	24.00	22.00	22.00	21.70	3.60	1.10	50.39	0.00
18.60	24.00	21.90	22.10	21.50	3.60	0.80	50.41	0.00
18.70	24.00	21.90	22.10	21.50	3.40	1.40	50.38	0.00
18.80	24.20	22.00	22.00	21.70	4.70	1.10	50.32	0.00
18.90	24.20	22.00	22.00	21.70	3.90	1.10	50.25	0.00
19.00	24.30	22.00	22.10	21.70	4.20	1.10	50.21	0.00
19.10	24.40	22.10	22.10	21.80	4.70	1.00	50.15	0.00
19.20	24.40	22.10	22.10	21.80	4.70	1.00	50.07	0.00
19.30	24.30	22.00	22.00	21.60	4.20	1.10	50.04	0.00
19.40	24.40	21.90	22.10	21.60	4.70	1.60	49.93	0.00
19.50	24.40	21.90	22.10	21.60	4.80	1.30	49.88	0.00
19.60	24.70	22.00	22.10	21.70	4.40	1.10	49.88	0.00
19.70	24.60	21.90	22.10	21.70	4.80	1.10	49.79	0.00
19.80	24.60	21.90	22.10	21.70	4.80	1.30	49.73	0.00
19.90	24.50	21.90	22.00	21.70	5.30	1.40	49.66	0.00
20.00	24.70	22.00	22.00	21.60	5.40	1.30	49.66	0.00
20.10	24.70	22.00	22.00	21.60	5.40	1.30	49.59	0.00
20.20	24.90	22.00	22.20	21.70	5.30	0.80	49.49	0.00
20.30	24.70	22.10	22.10	21.70	5.60	1.30	49.54	0.00
20.40	24.70	22.10	22.10	21.70	5.30	1.10	49.46	0.00
20.50	24.70	21.90	22.10	21.60	5.70	1.00	49.88	0.00
20.60	24.80	22.00	22.10	21.70	6.40	0.20	50.32	0.00
20.70	24.80	22.00	22.10	21.70	5.90	1.30	50.31	0.00
20.80	24.70	22.00	22.20	21.80	6.50	1.40	50.21	0.00
20.90	24.70	22.00	22.20	21.80	6.50	1.10	50.18	0.00
21.00	24.80	22.00	22.10	21.80	6.20	1.40	50.13	0.00
21.10	24.90	22.10	22.30	21.80	6.20	1.40	50.12	0.00
21.20	24.90	22.10	22.30	21.80	6.40	1.30	50.00	0.00
21.30	24.90	21.90	22.00	21.60	6.50	1.00	50.00	0.00
21.40	24.90	21.80	21.90	21.50	6.70	1.40	49.94	0.00
21.50	24.90	21.80	21.90	21.50	6.70	1.10	49.83	0.00
21.60	25.00	21.90	22.00	21.60	7.00	1.00	49.88	0.00
21.70	24.90	22.00	22.10	21.60	7.00	1.10	49.76	0.00
21.80	24.90	22.00	22.10	21.60	6.80	1.10	49.79	0.00
21.90	25.20	22.10	22.10	21.70	7.30	1.30	49.68	0.00
22.00	25.00	21.90	22.00	21.60	7.30	1.30	49.69	0.00
22.10	25.00	21.90	22.00	21.60	7.70	1.30	49.68	0.00
22.20	24.90	22.00	22.20	21.70	7.30	1.30	49.65	0.00
22.30	25.10	22.00	22.10	21.70	7.60	1.30	49.65	0.00
22.40	25.10	22.00	22.10	21.70	7.70	1.10	50.28	0.00
22.50	25.10	22.00	22.20	21.70	7.60	1.00	50.47	0.00
22.60	25.10	22.00	22.20	21.70	8.00	1.40	50.41	0.00
22.70	25.00	21.80	22.10	21.50	7.60	1.30	50.37	0.00
22.80	25.10	22.00	22.20	21.60	8.40	1.00	50.33	0.00
22.90	25.10	22.00	22.20	21.60	8.40	1.00	50.30	0.00
23.00	25.20	22.00	22.00	21.70	8.50	1.10	50.26	0.00
23.10	25.40	22.10	22.20	21.70	8.80	1.60	50.26	0.00
23.20	25.40	22.10	22.20	21.70	8.80	1.40	50.12	0.00
23.30	25.20	22.00	22.10	21.70	8.50	0.80	50.10	0.00
23.40	25.30	22.00	22.10	21.70	8.80	1.10	50.07	0.00
23.50	25.30	22.00	22.10	21.70	9.10	1.00	50.05	0.00
23.60	25.30	22.00	22.10	21.70	9.10	1.30	50.01	0.00
23.70	25.30	22.10	22.20	21.80	9.30	1.60	50.01	0.00
23.80	25.30	22.10	22.20	21.80	9.70	1.30	49.94	0.00
23.90	25.30	22.00	22.10	21.70	9.70	1.30	49.93	0.00
24.00	25.30	22.00	22.10	21.70	9.40	1.10	49.86	0.00
24.10	25.20	21.90	21.90	21.60	9.70	1.60	49.86	0.00
24.20	25.30	22.00	22.20	21.70	9.70	1.10	49.81	0.00
24.30	25.30	22.00	22.20	21.70	9.90	1.10	49.81	0.00
24.40	25.40	22.10	22.20	21.70	9.70	0.80	49.74	0.00
24.50	25.20	21.80	21.90	21.60	9.90	1.30	49.73	0.00
24.60	25.20	21.80	21.90	21.60	9.90	0.70	49.72	0.00
24.70	25.30	21.90	22.10	21.70	10.40	0.70	49.66	0.00
24.80	25.50	22.00	22.00	21.70	10.40	0.70	49.67	0.00
24.90	25.50	22.00	22.00	21.70	10.50	0.50	49.68	0.00
25.00	25.30	22.00	22.10	21.80	10.40	1.30	49.62	0.00
25.10	25.40	22.10	22.20	21.70	10.50	0.70	49.53	0.00
25.20	25.40	22.10	22.20	21.70	11.00	1.00	49.55	0.00
25.30	25.50	22.00	22.10	21.70	11.00	0.70	49.51	0.00
25.40	25.50	22.00	22.10	21.70	11.10	1.40	49.49	0.00
25.50	25.40	21.90	22.10	21.60	11.10	1.10	49.44	0.00
25.60	25.50	22.00	22.00	21.60	11.00	1.40	49.43	0.00
25.70	25.50	22.00	22.00	21.60	11.00	1.40	50.06	0.00
25.80	25.50	22.10	22.10	21.60	11.30	1.10	50.50	0.00
25.90	25.40	22.10	22.10	21.70	11.60	1.00	50.66	0.00
26.00	25.40	22.10	22.10	21.70	11.70	1.30	50.59	0.00
26.10	25.50	21.90	22.10	21.70	12.10	1.40	50.57	0.00
26.20	25.40	21.90	22.10	21.80	11.60	1.30	50.54	0.00
26.30	25.40	21.90	22.10	21.80	12.20	0.80	50.57	0.00
26.40	25.60	22.20	22.30	21.80	11.70	1.10	50.49	0.00
26.50	25.60	22.20	22.30	21.80	12.20	1.10	50.41	0.00
26.60	25.50	22.00	22.00	21.50	12.20	1.10	50.43	0.00
26.70	25.60	21.90	22.00	21.60	12.10	1.10	50.37	0.00
26.80	25.60	21.90	22.10	21.70	12.40	1.00	50.38	0.00
26.90	25.60	21.90	22.10	21.70	12.70	1.10	50.31	0.00
27.00	25.60	22.10	22.10	21.70	13.10	1.00	50.25	0.00
27.10	25.60	22.10	22.10	21.70	12.40	1.30	50.27	0.00
27.20	25.60	22.00	22.10	21.60	13.00	0.80	50.24	0.00
27.30	25.60	22.10	22.10	21.60	13.00	1.10	50.18	0.00
27.40	25.60	22.10	22.10	21.60	13.30	1.30	50.15	0.00
27.50	25.60	21.90	22.00	21.60	13.30	1.30	50.14	0.00
27.60	25.60	22.00	22.10	21.70	13.60	1.10	50.07	0.00
27.70	25.60	22.00	22.10	21.70	13.40	1.40	50.07	0.00
27.80	25.60	22.00	22.00	21.60	13.40	1.40	50.07	0.00
27.90	25.60	22.00	22.00	21.60	13.70	1.40	50.01	0.00
28.00	25.80	22.00	22.20	21.60	13.60	1.30	49.99	0.00
28.10	25.70	21.90	22.10	21.60	13.90	1.00	49.96	0.00
28.20	25.70	21.90	22.10	21.60	13.70	1.40	49.91	0.00
28.30	25.50	21.90	22.10	21.60	14.20	1.40	49.88	0.00
28.40	25.70	21.90	21.90	21.70	14.10	1.10	49.89	0.00
28.50	25.70	21.90	21.90	21.70	14.10	1.10	49.88	0.00
28.60	25.60	22.00	22.10	21.70	14.40	1.00	49.86	0.00
28.70	25.80	21.90	22.10	21.70	14.20	1.00	49.81	0.00
28.80	25.80	21.90	22.10	21.70	15.40	1.30	49.75	0.00
28.90	25.60	21.80	22.00	21.60	14.70	1.30	49.73	0.00
29.00	25.80	22.00	22.10	21.70	14.50	1.40	49.74	0.00
29.10	25.80	22.00	22.10	21.70	15.10	1.10	49.74	0.00
29.20	25.80	21.90	22.00	21.70	15.00	1.30	49.66	0.00
29.30	25.80	22.00	22.10	21.60	15.00	1.60	49.66	0.00
29.40	25.80	22.00	22.10	21.60	15.00	1.60	49.66	0.00
29.50	25.80	22.00	22.20	21.60	15.10	1.10	49.67	0.00
29.60	25.80	22.00	22.20	21.60	15.70	1.10	49.60	0.00
29.70	25.80	22.00	22.00	21.60	15.60	1.30	49.62	0.00
29.80	25.80	22.10	22.10	21.60	15.60	1.10	49.62	0.00
29.90	25.80	22.10	22.10	21.60	15.70	1.00	49.53	0.00
30.00	25.70	21.90	22.00	21.60	15.90	1.10	49.51	0.00
30.10	25.80	21.90	22.20	21.60	15.90	1.10	49.49	0.00
30.20	25.80	21.90	22.20	21.60	15.30	1.70	49.48	0.00
30.30	25.80	21.90	22.00	21.60	15.90	1.30	49.42	0.00
30.40	25.80	21.90	22.00	21.60	15.90	1.30	49.47	0.00
30.50	25.70	22.00	22.10	21.70	16.40	1.30	49.42	0.00
30.60	25.90	22.00	22.20	21.60	16.50	1.10	49.63	0.00
30.70	25.90	22.00	22.20	21.60	16.50	1.00	50.51	0.00
30.80	26.00	22.10	22.10	21.70	16.80	1.40	50.58	0.00
30.90	25.80	22.00	22.10	21.70	16.80	1.30	50.56	0.00
31.00	25.80	22.00	22.10	21.70	16.80	1.60	50.49	0.00
31.10	25.90	22.00	22.20	21.70	16.80	0.80	50.45	0.00
31.20	25.90	22.00	22.20	21.70	17.10	0.80	50.44	0.00
31.30	26.10	22.00	22.10	21.70	17.00	1.00	50.45	0.00
31.40	25.80	22.00	22.00	21.70	17.00	1.00	50.37	0.00
31.50	25.80	22.00	22.00	21.70	17.10	1.00	50.34	0.00
31.60	25.90	21.90	22.10	21.70	17.30	1.40	50.32	0.00
31.70	26.00	22.10	22.10	21.70	17.40	1.10	50.32	0.00
31.80	26.00	22.10	22.10	21.70	17.90	1.40	50.26	0.00
31.90	26.00	22.00	22.10	21.70	17.60	1.30	50.21	0.00
32.00	26.20	22.10	22.20	21.70	17.90	1.10	50.20	0.00
32.10	26.20	22.10	22.20	21.70	18.40	1.30	50.13	0.00
32.20	26.00	22.00	22.10	21.70	18.20	1.10	50.14	0.00
32.30	26.00	22.00	22.10	21.70	18.20	1.10	50.10	0.00
32.40	25.90	22.00	22.10	21.70	18.70	1.00	50.05	0.00
32.50	26.00	21.90	21.90	21.60	18.70	1.60	50.04	0.00
32.60	26.00	21.90	21.90	21.60	18.70	1.00	50.01	0.00
32.70	25.90	22.00	22.10	21.60	18.50	1.10	50.02	0.00
32.80	25.80	22.00	22.00	21.60	18.80	1.40	49.94	0.00
32.90	25.80	22.00	22.00	21.60	19.30	0.80	50.00	0.00
33.00	26.00	21.90	22.10	21.60	19.30	1.30	49.92	0.00
33.10	26.00	22.10	22.20	21.70	19.30	1.30	49.93	0.00
33.20	26.00	22.10	22.20	21.70	19.30	1.30	49.91	0.00
33.30	26.00	22.00	22.20	21.70	19.30	1.30	49.79	0.00
33.40	26.10	22.10	22.10	21.70	19.30	1.30	49.80	0.00
33.50	26.10	22.10	22.10	21.70	19.30	1.40	49.79	0.00
33.60	26.00	22.00	22.20	21.70	19.40	1.30	49.81	0.00
33.70	26.20	22.00	22.30	21.70	19.60	0.80	49.74	0.00
33.80	26.20	22.00	22.30	21.70	19.60	1.30	49.74	0.00
33.90	26.10	21.90	22.20	21.70	19.60	1.00	49.66	0.00
34.00	26.10	21.90	22.20	21.70	20.10	1.60	49.73	0.00
34.10	26.10	21.90	22.20	21.70	20.20	1.10	49.60	0.00
34.20	26.00	21.90	22.10	21.70	20.20	1.10	49.65	0.00
34.30	26.00	21.90	22.10	21.70	19.90	1.10	49.60	0.00
34.40	26.10	22.00	22.10	21.70	21.60	1.10	49.62	0.00
34.50	26.10	22.00	22.10	21.60	20.80	1.30	49.54	0.00
34.60	26.10	22.00	22.10	21.60	21.00	1.70	49.59	0.00
34.70	26.00	22.00	22.10	21.70	20.80	0.80	49.50	0.00
34.80	26.10	22.10	22.30	21.70	21.10	1.30	49.55	0.00
34.90	26.10	22.10	22.30	21.70	21.40	1.00	49.51	0.00
35.00	26.20	22.00	22.20	21.70	21.30	1.30	49.42	0.00
35.10	26.10	21.90	22.10	21.60	21.30	1.30	49.46	0.00
35.20	26.10	21.90	22.10	21.60	21.30	1.40	49.41	0.00
35.30	26.00	21.90	22.10	21.70	21.90	1.10	49.41	0.00
35.40	26.20	22.20	22.20	21.90	21.60	1.30	49.96	0.00
35.50	26.20	22.20	22.20	21.90	21.40	1.30	50.26	0.00
35.60	26.30	22.00	22.20	21.60	21.80	1.30	50.23	0.00
35.70	26.30	22.00	22.20	21.60	21.80	1.60	50.19	0.00
35.80	26.20	22.00	22.00	21.70	22.10	1.10	50.17	0.00
35.90	26.10	22.00	22.20	21.70	22.20	1.00	50.14	0.00
36.00	26.10	22.00	22.20	21.70	21.90	1.40	50.11	0.00
36.10	26.00	22.00	22.00	21.60	21.90	1.40	50.12	0.00
36.20	26.10	21.90	22.10	21.70	22.40	1.40	50.12	0.00
36.30	26.10	21.90	22.10	21.70	22.80	1.40	50.07	0.00
36.40	26.00	21.90	22.10	21.70	23.00	1.30	50.04	0.00
36.50	26.20	22.10	22.20	21.70	22.70	1.10	49.94	0.00
36.60	26.20	22.10	22.20	21.70	22.40	1.10	49.93	0.00
36.70	26.20	22.00	22.10	21.60	23.40	0.80	49.93	0.00
36.80	26.20	22.00	22.20	21.70	22.80	1.40	49.91	0.00
36.90	26.20	22.00	22.20	21.70	23.00	1.10	49.93	0.00
37.00	26.20	21.90	22.10	21.60	23.00	1.10	49.86	0.00
37.10	26.20	21.90	22.10	21.60	23.30	0.70	49.83	0.00
37.20	26.10	22.00	22.10	21.70	23.80	1.10	49.78	0.00
37.30	26.00	22.00	22.10	21.70	23.10	1.10	49.76	0.00
37.40	26.00	22.00	22.10	21.70	23.40	1.30	49.75	0.00
37.50	26.20	22.00	22.10	21.70	23.40	1.00	49.75	0.00
37.60	26.10	22.00	22.10	21.80	23.80	0.70	49.76	0.00
37.70	26.10	22.00	22.10	21.80	24.10	1.00	50.14	0.00
37.80	26.10	22.00	22.10	21.70	24.10	1.30	50.13	0.00
37.90	26.00	21.90	22.10	21.70	24.10	1.30	50.07	0.00
38.00	26.00	21.90	22.10	21.70	24.10	0.80	50.05	0.00
38.10	26.40	22.10	22.10	21.80	24.40	1.10	50.06	0.00
38.20	26.40	22.10	22.10	21.80	24.50	1.40	50.02	0.00
38.30	26.20	22.00	22.00	21.60	24.50	1.40	50.01	0.00
38.40	26.20	22.10	22.30	21.70	25.00	1.30	50.01	0.00
38.50	26.20	22.10	22.30	21.70	24.80	1.10	49.95	0.00
38.60	26.20	22.10	22.20	21.80	25.30	1.30	49.91	0.00
38.70	26.20	21.90	22.00	21.60	25.40	0.70	49.93	0.00
38.80	26.20	21.90	22.00	21.60	25.40	1.00	49.91	0.00
38.90	26.10	21.90	22.00	21.60	25.40	1.00	49.87	0.00
39.00	26.10	21.90	22.00	21.60	25.60	1.10	49.85	0.00
39.10	26.30	22.00	22.10	21.70	25.40	1.40	49.83	0.00
39.20	26.20	21.90	22.10	21.60	25.10	1.10	49.75	0.00
39.30	26.20	21.90	22.10	21.60	25.30	1.00	49.73	0.00
39.40	26.30	22.00	22.00	21.70	25.80	1.00	49.79	0.00
39.50	26.20	22.00	22.10	21.70	26.10	1.00	49.70	0.00
39.60	26.20	22.00	22.10	21.70	26.40	1.10	49.72	0.00
39.70	26.20	22.10	22.10	21.70	26.40	1.10	50.06	0.00
39.80	26.30	22.00	22.10	21.60	26.40	1.10	50.23	0.00
39.90	26.30	22.00	22.10	21.60	26.70	-0.10	50.21	0.00
40.00	26.20	22.00	22.10	21.60	26.70	1.30	50.17	0.00
40.10	26.20	21.90	22.00	21.60	26.70	1.10	50.14	0.00
40.20	26.20	21.90	22.00	21.60	26.80	1.70	50.06	0.00
40.30	26.30	22.00	22.10	21.70	26.70	0.80	50.06	0.00
40.40	26.30	22.00	22.10	21.60	27.30	1.10	50.06	0.00
40.50	26.30	22.00	22.10	21.60	27.10	1.00	50.02	0.00
40.60	26.20	22.00	22.10	21.60	27.50	1.30	49.98	0.00
40.70	26.20	22.00	22.10	21.60	27.50	1.30	49.93	0.00
40.80	26.20	21.90	22.10	21.60	27.60	1.30	49.95	0.00
40.90	26.20	21.90	22.10	21.60	27.80	0.70	49.91	0.00
41.00	26.30	22.10	22.20	21.60	27.80	1.40	49.87	0.00
41.10	26.30	22.00	22.10	21.70	27.60	1.40	49.88	0.00
41.20	26.30	22.00	22.10	21.70	27.90	1.00	49.83	0.00
41.30	26.30	22.00	22.10	21.80	27.80	1.30	49.83	0.00
41.40	26.30	21.90	22.10	21.60	28.70	1.00	49.81	0.00
41.50	26.30	21.90	22.10	21.60	28.40	1.10	49.78	0.00
41.60	26.30	21.90	21.90	21.70	28.40	1.10	49.78	0.00
41.70	26.30	22.00	22.10	21.70	28.40	1.10	49.74	0.00
41.80	26.30	22.00	22.10	21.70	28.10	1.00	49.68	0.00
41.90	26.20	22.00	22.20	21.60	28.50	0.80	49.78	0.00
42.00	26.30	22.00	22.10	21.70	28.50	0.80	50.19	0.00
42.10	26.10	21.80	22.00	21.60	29.00	0.70	50.15	0.00
42.20	26.10	21.80	22.00	21.60	29.30	0.70	50.18	0.00
42.30	26.40	22.10	22.10	21.70	28.80	1.60	50.11	0.00
42.40	26.40	22.10	22.20	21.70	28.50	0.80	50.11	0.00
42.50	26.40	22.10	22.20	21.70	28.70	1.10	50.04	0.00
42.60	26.20	22.00	22.10	21.70	29.10	1.10	49.99	0.00
42.70	26.20	22.00	22.10	21.70	29.60	1.10	49.93	0.00
42.80	26.30	22.00	22.20	21.70	29.50	1.00	49.92	0.00
42.90	26.40	22.10	22.20	21.80	29.30	1.10	49.93	0.00
43.00	26.40	22.10	22.20	21.80	29.50	0.80	49.86	0.00
43.10	26.20	21.90	22.00	21.70	29.50	1.10	49.87	0.00
43.20	26.40	22.10	22.20	21.80	30.10	1.30	49.80	0.00
43.30	26.40	22.10	22.20	21.80	30.40	0.80	49.76	0.00
43.40	26.20	22.00	22.10	21.60	30.20	1.10	49.89	0.00
43.50	26.40	22.10	22.10	21.60	30.20	1.10	50.59	0.00
43.60	26.40	22.10	22.10	21.60	30.40	1.70	50.81	0.00
43.70	26.40	22.00	22.20	21.70	30.40	1.00	50.95	0.00
43.80	26.40	22.00	22.20	21.70	30.70	1.60	50.96	0.00
43.90	26.40	22.00	22.10	21.60	30.40	1.30	50.89	0.00
44.00	26.50	22.00	22.20	21.70	30.50	1.00	50.84	0.00
44.10	26.50	22.00	22.20	21.70	30.80	0.80	50.81	0.00
44.20	26.40	22.10	22.00	21.70	30.80	1.60	50.71	0.00
44.30	26.40	22.00	22.20	21.70	30.80	1.30	50.66	0.00
44.40	26.40	22.00	22.20	21.70	30.80	1.10	50.72	0.00
44.50	26.50	22.20	22.20	21.70	30.80	1.10	50.62	0.00
44.60	26.40	21.90	22.10	21.70	31.50	1.00	50.52	0.00
44.70	26.40	21.90	22.10	21.70	31.50	1.10	50.53	0.00
44.80	26.30	21.90	22.10	21.70	31.50	1.00	50.49	0.00
44.90	26.40	22.10	22.20	21.70	31.80	1.00	50.50	0.00
45.00	26.40	22.10	22.20	21.70	31.90	2.00	50.45	0.00
45.10	26.30	22.00	22.10	21.50	31.60	1.30	50.43	0.00
45.20	26.30	22.00	22.20	21.70	31.90	1.30	50.34	0.00
45.30	26.30	22.00	22.20	21.70	32.40	1.30	50.32	0.00
45.40	26.30	21.90	22.10	21.60	32.40	1.30	50.36	0.00
45.50	26.30	21.90	22.10	21.60	32.20	0.80	50.28	0.00
45.60	26.30	22.00	22.00	21.70	32.10	1.30	50.26	0.00
45.70	26.40	22.00	22.20	21.80	32.40	1.10	50.14	0.00
45.80	26.40	22.00	22.20	21.80	32.20	1.00	50.08	0.00
45.90	26.40	22.10	22.20	21.80	32.70	1.10	50.04	0.00
46.00	26.40	22.00	22.20	21.80	32.50	1.30	50.07	0.00
46.10	26.40	22.00	22.20	21.80	33.00	1.30	50.00	0.00
46.20	26.60	22.10	22.20	21.80	33.50	1.10	50.05	0.00
46.30	26.20	21.90	22.00	21.60	33.30	1.10	49.89	0.00
46.40	26.20	21.90	22.00	21.60	34.10	1.00	49.89	0.00
46.50	26.40	22.00	22.20	21.60	33.50	1.70	49.85	0.00
46.60	26.30	22.00	22.10	21.60	33.50	1.00	49.86	0.00
46.70	26.30	22.00	22.10	21.60	33.50	1.30	49.83	0.00
46.80	26.40	22.00	22.20	21.70	33.60	1.10	49.78	0.00
46.90	26.30	22.10	22.00	21.60	33.60	1.10	49.69	0.00
47.00	26.30	22.10	22.00	21.60	33.90	1.10	49.74	0.00
47.10	26.40	22.00	22.10	21.80	34.10	1.30	49.68	0.00
47.20	26.40	22.00	22.10	21.80	34.10	1.30	49.67	0.00
47.30	26.50	22.00	22.20	21.70	34.20	1.10	49.59	0.00
47.40	26.40	21.90	22.10	21.70	34.20	1.00	49.60	0.00
47.50	26.40	21.90	22.10	21.70	34.40	1.30	49.54	0.00
47.60	26.40	22.00	22.10	21.60	34.50	0.80	49.60	0.00
47.70	26.30	21.90	22.10	21.70	34.50	1.10	49.54	0.00
47.80	26.30	21.90	22.10	21.70	34.50	0.80	49.44	0.00
47.90	26.50	22.00	22.10	21.70	35.20	1.30	49.40	0.00
48.00	26.50	22.00	22.10	21.70	34.80	1.30	49.41	0.00
48.10	26.30	21.90	22.10	21.80	34.70	1.00	49.30	0.00
48.20	26.40	22.10	22.20	21.60	34.70	1.00	49.29	0.00
48.30	26.40	22.10	22.20	21.60	35.30	0.80	49.31	0.00
48.40	26.30	22.10	22.10	21.70	35.20	1.10	49.27	0.00
48.50	26.40	22.10	22.20	21.80	35.50	1.70	49.17	0.00
48.60	26.40	22.10	22.20	21.80	35.30	1.40	49.16	0.00
48.70	26.30	22.10	22.10	21.70	35.50	1.30	49.18	0.00
48.80	26.50	22.00	22.20	21.70	35.60	1.10	49.18	0.00
48.90	26.50	22.00	22.20	21.70	36.10	1.30	50.07	0.00
49.00	26.30	21.90	22.10	21.50	35.90	1.10	50.49	0.00
49.10	26.40	22.10	22.10	21.70	35.90	1.10	50.92	0.00
49.20	26.40	22.10	22.10	21.70	35.80	1.10	50.92	0.00
49.30	26.40	22.20	22.30	21.80	36.40	1.30	50.86	0.00
49.40	26.40	22.10	22.00	21.70	36.40	1.10	50.83	0.00
49.50	26.40	22.10	22.00	21.70	37.00	1.60	50.75	0.00
49.60	26.20	22.00	22.10	21.60	36.80	1.40	50.70	0.00
49.70	26.40	22.00	22.20	21.70	36.80	1.10	50.69	0.00
49.80	26.40	22.00	22.20	21.70	37.20	1.00	50.49	0.00
49.90	26.30	22.00	22.10	21.70	36.50	1.40	50.53	0.00
50.00	26.40	21.90	22.10	21.60	37.30	1.60	50.46	0.00
50.10	26.40	21.90	22.10	21.60	37.30	1.60	50.44	0.00
50.20	26.30	21.90	22.10	21.60	37.30	1.70	50.38	0.00
50.30	26.30	21.90	22.10	21.60	37.30	1.40	50.36	0.00
50.40	26.40	22.00	22.20	21.70	37.00	1.10	50.30	0.00
50.50	26.40	21.80	22.20	21.70	37.30	1.30	50.27	0.00
50.60	26.40	21.80	22.20	21.70	37.80	1.30	50.19	0.00
50.70	26.40	22.00	22.10	21.70	37.80	1.00	50.11	0.00
50.80	26.40	22.00	22.00	21.70	38.20	1.60	50.06	0.00
50.90	26.40	22.00	22.00	21.70	38.10	1.00	50.01	0.00
51.00	26.40	22.10	22.00	21.60	38.10	1.00	50.01	0.00
51.10	26.50	22.10	22.30	21.80	38.50	1.00	49.98	0.00
51.20	26.50	22.10	22.30	21.80	38.20	1.40	49.91	0.00
51.30	26.50	22.00	22.10	21.70	38.50	1.00	49.88	0.00
51.40	26.50	22.00	22.10	21.70	38.70	1.90	49.81	0.00
51.50	26.50	22.10	22.10	21.70	38.80	1.30	49.75	0.00
51.60	26.30	21.90	22.00	21.70	38.70	1.00	49.73	0.00
51.70	26.30	21.90	22.00	21.70	38.70	1.30	49.73	0.00
51.80	26.40	22.00	22.10	21.70	40.10	1.10	49.66	0.00
51.90	26.40	22.00	22.10	21.70	39.00	1.10	49.59	0.00
52.00	26.40	22.00	22.10	21.70	39.00	1.10	49.53	0.00
52.10	26.50	22.20	22.20	21.80	39.30	1.00	49.51	0.00
52.20	26.50	22.20	22.20	21.80	39.50	1.00	45.22	0.00
52.30	26.40	22.00	22.10	21.70	39.80	1.00	44.39	0.00
52.40	26.30	22.10	22.20	21.80	39.20	1.30	45.36	0.00
52.50	26.20	22.00	22.10	21.60	39.50	1.40	45.44	0.00
52.60	26.20	22.00	22.10	21.60	39.00	1.30	48.06	0.00
52.70	26.10	21.90	22.10	21.70	39.00	1.60	48.17	0.00
52.80	26.00	21.90	22.10	21.70	39.20	1.10	49.41	0.00
52.90	26.00	21.90	22.10	21.70	39.20	1.10	48.50	0.00
53.00	26.00	22.10	22.30	21.80	39.20	1.10	47.34	0.00
53.10	26.00	22.10	22.30	21.80	39.00	1.00	45.51	0.00
53.20	25.90	22.00	22.10	21.80	38.80	1.10	30.78	0.00
53.30	25.70	22.00	22.10	21.70	39.20	0.80	15.82	0.00
53.40	25.70	22.00	22.10	21.70	39.30	0.80	11.85	0.00
53.50	25.80	22.10	22.30	21.70	38.80	1.00	9.19	0.00
53.60	25.40	21.80	22.10	21.60	38.70	1.40	7.39	0.00
53.70	25.40	21.80	22.10	21.60	39.20	1.00	6.11	0.00
53.80	25.50	22.00	22.10	21.70	39.20	1.00	5.15	0.00
53.90	25.40	21.80	21.90	21.50	38.40	1.30	4.42	0.00
54.00	25.40	21.80	21.90	21.50	38.50	1.00	3.81	0.00
54.10	25.40	22.10	22.10	21.70	39.20	1.00	3.40	0.00
54.20	25.40	22.00	22.10	21.70	39.00	1.10	2.96	0.00
54.30	25.40	22.00	22.10	21.70	39.00	1.10	2.74	0.00
54.40	25.40	22.00	22.20	21.80	39.00	1.40	2.45	0.00
54.50	25.40	22.00	22.20	21.80	38.80	1.10	2.18	0.00
54.60	25.40	22.10	22.20	21.80	38.80	1.60	1.97	0.00
54.70	25.20	22.00	22.20	21.80	38.70	1.40	1.85	0.00
54.80	25.20	22.00	22.20	21.80	38.70	1.40	1.69	0.00
54.90	25.10	22.00	22.10	21.70	38.70	1.10	1.55	0.00
55.00	25.00	21.90	22.20	21.60	39.00	1.60	1.39	0.00
55.10	25.00	21.90	22.20	21.60	38.50	1.30	1.36	0.00
55.20	25.10	21.80	22.10	21.60	39.20	1.30	1.23	0.00
55.30	25.10	21.80	22.10	21.60	39.00	1.30	1.07	0.00
55.40	25.00	22.00	22.10	21.60	39.20	2.00	1.02	0.00
55.50	25.10	22.00	22.10	21.60	38.70	1.30	0.95	0.00
55.60	25.10	22.00	22.10	21.60	38.70	1.00	0.88	0.00
55.70	25.00	22.00	22.10	21.60	38.70	1.00	0.84	0.00
55.80	25.10	22.10	22.30	21.80	38.80	1.10	0.85	0.00
55.90	25.10	22.10	22.30	21.80	38.70	1.00	0.84	0.00
56.00	24.70	21.90	22.00	21.50	39.00	1.30	0.77	0.00
56.10	25.00	22.00	22.30	21.70	39.00	1.90	0.72	0.00
56.20	25.00	22.00	22.30	21.70	38.80	1.10	0.72	0.00
56.30	24.80	22.00	22.10	21.70	39.00	1.10	0.67	0.00
56.40	24.80	22.00	22.20	21.80	39.60	1.00	0.63	0.00
56.50	24.80	22.00	22.20	21.80	38.50	1.40	0.63	0.00
56.60	24.80	22.00	22.20	21.70	38.50	1.40	0.60	0.00
56.70	24.60	21.90	22.00	21.60	39.00	1.10	0.56	0.00
56.80	24.60	21.90	22.00	21.60	38.50	1.30	0.58	0.00
56.90	24.70	22.00	22.10	21.60	39.00	1.30	0.56	0.00
57.00	24.70	21.90	22.10	21.70	38.80	1.00	0.51	0.00
57.10	24.70	21.90	22.10	21.70	38.40	1.40	0.56	0.00
57.20	24.70	22.00	22.10	21.70	38.80	1.00	0.51	0.00
57.30	24.70	22.00	22.10	21.70	38.70	1.10	0.46	0.00
57.40	24.70	22.00	22.10	21.70	38.80	1.10	0.51	0.00
57.50	24.60	21.90	22.10	21.60	38.80	1.10	0.46	0.00
57.60	24.60	21.90	22.10	21.60	38.50	1.30	0.46	0.00
57.70	24.70	22.00	22.10	21.70	38.50	0.80	0.46	0.00
57.80	24.70	22.00	22.10	21.70	38.70	1.10	0.46	0.00
57.90	24.60	22.00	22.10	21.70	38.80	1.30	0.44	0.00
58.00	24.60	22.00	22.20	21.80	38.50	1.00	0.39	0.00
58.10	24.60	22.00	22.20	21.80	38.40	1.00	0.39	0.00
58.20	24.50	21.90	22.10	21.60	38.70	1.10	0.39	0.00
58.30	24.60	22.00	22.10	21.80	38.40	1.00	0.39	0.00
58.40	24.60	22.00	22.10	21.80	38.40	1.00	0.41	0.00
58.50	24.60	22.00	22.10	21.70	38.80	1.00	0.44	0.00
58.60	24.50	21.90	22.10	21.60	38.70	1.30	0.39	0.00
58.70	24.50	21.90	22.10	21.60	38.20	1.30	0.34	0.00
58.80	24.60	21.90	22.20	21.70	39.20	1.40	0.44	0.00
58.90	24.60	21.90	22.20	21.80	39.20	1.00	0.37	0.00
59.00	24.60	21.90	22.20	21.80	38.80	1.10	0.37	0.00
59.10	24.50	22.20	22.20	21.80	39.00	0.80	0.34	0.00
59.20	24.50	22.20	22.20	21.80	38.70	0.80	0.19	0.00
59.30	24.50	22.10	22.10	21.70	38.70	0.80	0.19	0.00
59.40	24.60	22.00	22.20	21.60	37.50	1.40	0.21	0.00
59.50	24.60	22.00	22.20	21.60	38.70	1.40	0.17	0.00
59.60	24.50	22.10	22.20	21.80	38.70	1.10	0.17	0.00
59.70	24.50	21.90	22.20	21.70	39.00	1.60	0.21	0.00
59.80	24.50	21.90	22.20	21.70	38.50	1.10	0.14	0.00
59.90	24.50	22.00	22.10	21.70	38.80	1.30	0.21	0.00
60.00	24.50	22.00	22.10	21.60	38.80	0.80	0.19	0.00
60.10	24.50	22.00	22.10	21.60	39.20	0.70	0.17	0.00
60.20	24.30	21.90	22.10	21.60	38.80	1.40	0.00	0.00
60.30	24.50	22.00	22.30	21.70	38.80	1.40	0.00	0.00
60.40	24.50	22.00	22.30	21.70	38.80	1.90	0.00	0.00
60.50	24.40	21.90	22.20	21.60	39.00	1.00	0.00	0.00
60.60	24.40	22.10	22.30	21.70	38.70	1.00	0.00	0.00
60.70	24.40	22.10	22.30	21.70	38.80	0.40	0.00	0.00
60.80	24.30	22.10	22.20	21.70	38.70	1.70	0.00	0.00
60.90	24.20	22.00	22.20	21.60	39.00	1.40	0.00	0.00
61.00	24.20	22.00	22.20	21.60	38.50	1.30	0.00	0.00
61.10	24.40	22.10	22.10	21.70	38.70	1.30	0.00	0.00
61.20	24.40	22.10	22.10	21.70	38.70	1.30	0.00	0.00
61.30	24.30	22.10	22.30	21.70	38.40	1.40	0.00	0.00
61.40	24.20	22.00	22.00	21.70	38.50	0.80	0.00	0.00
61.50	24.30	22.00	22.10	21.70	38.70	1.00	0.00	0.00
61.60	24.30	22.00	22.10	21.70	38.80	1.00	0.00	0.00
61.70	24.30	22.10	22.20	21.80	38.50	1.00	0.00	0.00
61.80	24.30	22.10	22.20	21.80	38.70	1.10	0.00	0.00
61.90	24.30	22.10	22.20	21.70	38.70	1.10	0.00	0.00
62.00	24.10	21.90	22.10	21.70	38.70	1.00	0.00	0.00
62.10	24.10	21.90	22.10	21.70	38.70	1.00	0.00	0.00
62.20	24.30	22.00	22.20	21.70	38.50	1.30	0.00	0.00
62.30	24.20	22.10	22.10	21.70	38.70	1.30	0.00	0.00
62.40	24.20	22.10	22.10	21.70	39.00	1.10	0.00	0.00
62.50	24.20	22.10	22.30	21.70	38.70	1.00	0.00	0.00
62.60	24.20	22.00	22.10	21.60	38.80	1.30	0.00	0.00
62.70	24.20	22.00	22.10	21.60	38.80	1.30	0.00	0.00
62.80	24.20	22.00	22.10	21.60	39.20	1.00	0.00	0.00
62.90	24.20	22.10	22.20	21.80	38.70	1.10	0.00	0.00
63.00	24.20	22.10	22.20	21.80	38.70	1.10	0.00	0.00
63.10	24.10	22.00	22.20	21.70	38.80	1.30	0.00	0.00
63.20	24.10	22.00	22.20	21.70	38.50	1.40	0.00	0.00
63.30	24.20	22.00	22.10	21.70	38.20	1.30	0.00	0.00
63.40	24.10	22.00	22.10	21.70	38.70	1.10	0.00	0.00
63.50	24.10	22.00	22.10	21.70	39.00	1.30	0.00	0.00
63.60	24.10	22.10	22.10	21.70	38.70	1.00	0.00	0.00
63.70	24.00	22.00	22.10	21.70	38.40	1.40	0.00	0.00
63.80	24.10	22.10	22.20	21.80	38.70	1.40	0.00	0.00
63.90	24.10	22.10	22.20	21.80	38.70	1.40	0.00	0.00
64.00	24.10	22.10	22.10	21.60	38.40	1.00	0.00	0.00
64.10	24.10	22.10	22.10	21.60	38.20	1.30	0.00	0.00
64.20	24.10	22.20	22.10	21.70	38.70	1.60	0.00	0.00
64.30	24.10	22.00	22.10	21.60	38.80	1.10	0.00	0.00
64.40	24.10	22.00	22.10	21.60	38.70	1.30	0.00	0.00
64.50	24.00	22.00	22.20	21.60	39.00	1.30	0.00	0.00
64.60	24.00	21.90	22.00	21.60	38.70	1.40	0.00	0.00
64.70	24.00	21.90	22.00	21.60	39.00	1.10	0.00	0.00
64.80	23.90	22.00	22.20	21.60	39.00	1.10	0.00	0.00
64.90	24.20	22.10	22.30	21.80	38.70	0.80	0.00	0.00
65.00	24.20	22.10	22.30	21.80	38.70	1.10	0.00	0.00
65.10	24.00	22.00	22.10	21.60	38.70	1.10	0.00	0.00
65.20	24.10	22.00	22.20	21.70	38.70	1.10	0.00	0.00
65.30	24.10	22.00	22.20	21.70	38.70	1.40	0.00	0.00
65.40	24.20	22.00	22.10	21.70	38.70	1.30	0.00	0.00
65.50	24.20	22.00	22.10	21.70	38.80	1.60	0.00	0.00
65.60	24.00	22.10	22.20	21.70	38.50	0.70	0.00	0.00
65.70	23.90	22.00	22.00	21.60	38.50	0.80	0.00	0.00
65.80	23.90	22.00	22.00	21.60	38.50	0.80	0.00	0.00
65.90	23.90	21.90	22.10	21.60	38.80	1.70	0.00	0.00
66.00	24.00	22.10	22.20	21.70	38.70	1.30	0.00	0.00
66.10	24.00	22.10	22.20	21.70	38.70	0.80	0.00	0.00
66.20	24.00	22.10	22.20	21.60	38.40	1.10	0.00	0.00
66.30	24.00	22.10	22.20	21.60	38.70	1.60	0.00	0.00
66.40	24.00	22.20	22.20	21.70	38.50	1.10	0.00	0.00
66.50	23.90	22.00	22.20	21.60	38.50	1.60	0.00	0.00
66.60	23.90	22.00	22.20	21.60	38.80	1.40	0.00	0.00
66.70	23.80	21.90	22.20	21.70	38.80	1.40	0.00	0.00
66.80	23.80	21.90	22.20	21.70	38.40	1.60	0.00	0.00
66.90	23.90	22.00	22.20	21.70	38.80	1.10	0.00	0.00
67.00	24.00	22.10	22.20	21.80	38.70	1.00	0.00	0.00
67.10	24.00	22.10	22.20	21.80	38.70	1.10	0.00	0.00
67.20	24.00	22.00	22.20	21.70	38.80	1.30	0.00	0.00
67.30	23.90	22.00	22.20	21.70	39.00	1.00	0.00	0.00
67.40	23.90	22.00	22.20	21.70	38.50	1.00	0.00	0.00
67.50	23.90	22.10	22.20	21.70	38.40	1.10	0.00	0.00
67.60	23.90	22.10	22.20	21.70	38.50	1.30	0.00	0.00
67.70	23.90	22.10	22.10	21.70	38.50	1.30	0.00	0.00
67.80	23.70	22.00	22.20	21.70	38.50	1.30	0.00	0.00
67.90	23.70	22.00	22.20	21.70	38.70	0.80	0.00	0.00
68.00	23.80	22.10	22.20	21.70	38.70	1.40	0.00	0.00
68.10	23.80	22.10	22.20	21.70	38.80	1.30	0.00	0.00
68.20	23.80	22.10	22.20	21.70	39.00	1.00	0.00	0.00
68.30	23.70	21.90	22.00	21.60	39.00	1.30	0.00	0.00
68.40	23.70	21.90	22.00	21.60	38.50	1.30	0.00	0.00
68.50	23.70	22.00	22.10	21.60	39.00	2.40	0.00	0.00
68.60	23.80	22.20	22.20	21.80	38.70	1.30	0.00	0.00
68.70	23.80	22.20	22.20	21.80	38.70	1.30	0.00	0.00
68.80	23.80	22.10	22.10	21.60	38.80	1.00	0.00	0.00
68.90	23.90	22.20	22.20	21.80	38.80	1.00	0.00	0.00
69.00	23.90	22.20	22.20	21.80	38.40	1.60	0.00	0.00
69.10	23.70	21.90	22.20	21.60	38.20	1.30	0.00	0.00
69.20	23.80	22.10	22.20	21.70	38.70	1.30	0.00	0.00
69.30	23.80	22.10	22.20	21.70	38.40	1.10	0.00	0.00
69.40	23.70	22.10	22.30	21.70	38.50	1.10	0.00	0.00
69.50	23.70	22.00	22.20	21.60	38.50	1.00	0.00	0.00
69.60	23.70	22.00	22.20	21.60	38.50	1.00	0.00	0.00
69.70	23.70	22.10	22.30	21.70	38.80	1.00	0.00	0.00
69.80	23.70	22.10	22.30	21.70	38.40	1.40	0.00	0.00
69.90	23.70	21.90	22.20	21.60	38.80	1.40	0.00	0.00
70.00	23.80	22.10	22.20	21.60	38.80	1.40	0.00	0.00
70.10	23.60	22.10	22.10	21.80	38.50	1.30	0.00	0.00
70.20	23.60	22.10	22.10	21.80	38.70	1.10	0.00	0.00
70.30	23.60	21.90	22.10	21.70	38.20	1.00	0.00	0.00
70.40	23.70	22.10	22.10	21.60	39.00	1.30	0.00	0.00
70.50	23.70	22.10	22.10	21.60	39.00	1.30	0.00	0.00
70.60	23.70	22.00	22.10	21.80	38.70	1.10	0.00	0.00
70.70	23.70	22.00	22.10	21.80	39.00	1.30	0.00	0.00
70.80	23.70	22.10	22.20	21.70	38.70	1.90	0.00	0.00
70.90	23.80	22.10	22.20	21.80	38.50	1.00	0.00	0.00
71.00	23.80	22.10	22.20	21.80	38.80	1.30	0.00	0.00
71.10	23.80	22.00	22.10	21.70	38.40	1.40	0.00	0.00
71.20	23.80	22.10	22.30	21.80	38.80	1.00	0.00	0.00
71.30	23.80	22.10	22.30	21.80	38.50	1.00	0.00	0.00
71.40	23.70	22.00	22.10	21.70	38.50	1.00	0.00	0.00
71.50	23.70	22.10	22.20	21.70	38.50	1.30	0.00	0.00
71.60	23.70	22.10	22.20	21.70	38.50	1.30	0.00	0.00
71.70	23.60	22.00	22.10	21.70	38.40	1.00	0.00	0.00
71.80	23.60	22.00	22.10	21.70	39.00	1.10	0.00	0.00
71.90	23.60	22.00	22.10	21.70	38.50	1.10	0.00	0.00
72.00	23.70	22.10	22.20	21.60	38.80	1.10	0.00	0.00
72.10	23.60	21.90	22.10	21.70	38.50	1.00	0.00	0.00
72.20	23.60	21.90	22.10	21.70	38.40	1.10	0.00	0.00
72.30	23.50	21.90	22.10	21.70	38.70	1.40	0.00	0.00
72.40	23.60	22.00	22.20	21.70	38.80	1.10	0.00	0.00
72.50	23.60	22.00	22.20	21.70	38.70	1.10	0.00	0.00
72.60	23.70	22.10	22.20	21.80	39.50	1.30	0.00	0.00
72.70	23.60	21.90	22.10	21.70	39.00	1.60	0.00	0.00
72.80	23.60	21.90	22.10	21.70	39.20	1.40	0.00	0.00
72.90	23.70	22.00	22.20	21.80	38.80	1.00	0.00	0.00
73.00	23.60	22.10	22.20	21.80	39.00	1.10	0.00	0.00
73.10	23.60	22.10	22.20	21.80	38.70	0.70	0.00	0.00
73.20	23.60	22.00	22.10	21.70	38.50	1.00	0.00	0.00
73.30	23.60	22.00	22.10	21.70	37.00	1.10	0.00	0.00
73.40	23.70	22.20	22.20	21.70	38.70	1.40	0.00	0.00
73.50	23.60	22.00	22.20	21.60	38.50	1.30	0.00	0.00
73.60	23.60	22.00	22.20	21.60	38.20	1.30	0.00	0.00
73.70	23.50	21.90	22.10	21.60	38.40	1.40	0.00	0.00
73.80	23.60	22.10	22.20	21.70	38.70	1.00	0.00	0.00
73.90	23.60	22.10	22.20	21.70	37.80	1.40	0.00	0.00
74.00	23.60	22.10	22.30	21.80	38.80	1.30	0.00	0.00
74.10	23.60	22.10	22.20	21.70	38.40	1.10	0.00	0.00
74.20	23.60	22.10	22.20	21.70	38.40	1.10	0.00	0.00
74.30	23.60	22.20	22.20	21.80	38.50	1.30	0.00	0.00
74.40	23.70	21.90	22.10	21.70	38.70	1.30	0.00	0.00
74.50	23.70	21.90	22.10	21.70	38.10	1.10	0.00	0.00
74.60	23.50	21.90	22.10	21.70	39.80	0.80	0.00	0.00
74.70	23.60	22.10	22.20	21.70	38.70	1.30	0.00	0.00
74.80	23.60	22.10	22.20	21.70	38.70	1.10	0.00	0.00
74.90	23.60	22.20	22.20	21.80	38.20	1.10	0.00	0.00
75.00	23.50	22.00	22.20	21.80	38.70	1.40	0.00	0.00
75.10	23.50	22.00	22.20	21.80	38.80	1.40	0.00	0.00
75.20	23.40	22.00	22.10	21.70	38.80	1.40	0.00	0.00
75.30	23.50	22.10	22.20	21.70	38.70	1.00	0.00	0.00
75.40	23.50	22.10	22.20	21.70	38.10	1.40	0.00	0.00
75.50	23.50	22.00	22.20	21.60	38.50	1.30	0.00	0.00
75.60	23.50	22.00	22.20	21.80	38.50	1.60	0.00	0.00
75.70	23.50	22.00	22.20	21.80	38.80	1.40	0.00	0.00
75.80	23.50	22.00	22.20	21.70	38.50	1.30	0.00	0.00
75.90	23.40	21.80	22.00	21.50	38.50	1.30	0.00	0.00
76.00	23.40	21.80	22.00	21.50	38.80	1.70	0.00	0.00
76.10	23.50	22.00	22.10	21.60	38.80	1.70	0.00	0.00
76.20	23.50	22.10	22.20	21.70	39.60	1.10	0.00	0.00
76.30	23.50	22.10	22.20	21.70	39.00	1.10	0.00	0.00
76.40	23.70	22.20	22.40	21.80	38.70	1.40	0.00	0.00
76.50	23.40	22.00	22.10	21.60	39.80	1.00	0.00	0.00
76.60	23.40	22.00	22.10	21.60	39.00	1.10	0.00	0.00
76.70	23.50	22.00	22.20	21.70	38.40	1.30	0.00	0.00
76.80	23.30	21.90	22.10	21.70	38.70	1.30	0.00	0.00
76.90	23.30	21.90	22.10	21.70	38.80	1.00	0.00	0.00
77.00	23.50	22.00	22.20	21.70	39.00	1.00	0.00	0.00
77.10	23.50	22.10	22.10	21.80	39.00	1.00	0.00	0.00
77.20	23.50	22.10	22.10	21.80	38.50	1.10	0.00	0.00
77.30	23.30	21.90	22.10	21.60	39.00	1.10	0.00	0.00
77.40	23.50	22.00	22.20	21.80	39.20	1.30	0.00	0.00
77.50	23.50	22.00	22.20	21.80	38.40	1.40	0.00	0.00
77.60	23.50	22.00	22.20	21.80	38.40	1.10	0.00	0.00
77.70	23.40	22.10	22.40	21.70	38.20	1.30	0.00	0.00
77.80	23.40	22.10	22.40	21.70	38.80	0.70	0.00	0.00
77.90	23.60	22.10	22.10	21.70	38.50	1.40	0.00	0.00
78.00	23.60	22.10	22.10	21.70	38.50	1.40	0.00	0.00
78.10	23.40	22.10	22.10	21.70	38.40	1.30	0.00	0.00
78.20	23.30	21.90	22.10	21.50	39.20	1.00	0.00	0.00
78.30	23.40	22.00	22.20	21.70	38.40	1.10	0.00	0.00
78.40	23.40	22.00	22.20	21.70	38.40	1.30	0.00	0.00
78.50	23.30	22.00	22.10	21.80	38.70	0.80	0.00	0.00
78.60	23.30	22.00	22.10	21.80	37.90	1.30	0.00	0.00
78.70	23.50	22.10	22.10	21.80	39.00	0.70	0.00	0.00
78.80	23.50	22.00	22.10	21.70	38.70	1.00	0.00	0.00
78.90	23.50	22.00	22.10	21.70	39.00	1.60	0.00	0.00
79.00	23.40	22.10	22.20	21.70	39.00	1.60	0.00	0.00
79.10	23.40	22.10	22.20	21.70	38.70	1.60	0.00	0.00
79.20	23.40	22.10	22.10	21.60	38.40	1.00	0.00	0.00
79.30	23.50	22.10	22.30	21.80	38.70	-1.00	0.00	0.00
79.40	23.50	22.10	22.30	21.80	38.50	1.10	0.00	0.00
79.50	23.40	22.10	22.30	21.70	38.40	1.40	0.00	0.00
79.60	23.40	22.10	22.30	21.70	38.40	1.10	0.00	0.00
79.70	23.30	22.00	22.20	21.70	38.70	1.10	0.00	0.00
79.80	23.30	22.00	22.20	21.70	38.50	1.40	0.00	0.00
79.90	23.30	22.00	22.20	21.70	38.20	1.30	0.00	0.00
80.00	23.20	22.10	22.10	21.60	38.50	1.00	0.00	0.00
80.10	23.40	22.10	22.20	21.80	38.50	1.30	0.00	0.00
80.20	23.40	22.10	22.20	21.80	38.80	1.40	0.00	0.00
80.30	23.40	22.20	22.30	21.70	38.70	1.30	0.00	0.00
80.40	23.40	22.00	22.20	21.60	38.50	1.10	0.00	0.00
80.50	23.40	22.00	22.20	21.60	38.40	0.80	0.00	0.00
80.60	23.20	22.00	22.10	21.60	38.50	1.40	0.00	0.00
80.70	23.20	22.00	22.10	21.60	38.70	1.00	0.00	0.00
80.80	23.40	22.10	22.20	21.70	38.70	0.80	0.00	0.00
80.90	23.30	22.00	22.20	21.70	38.70	0.80	0.00	0.00
81.00	23.30	22.00	22.20	21.70	38.80	2.20	0.00	0.00
81.10	23.40	22.10	22.20	21.60	38.50	1.10	0.00	0.00
81.20	23.30	22.00	22.10	21.70	37.50	1.30	0.00	0.00
81.30	23.30	22.00	22.10	21.70	38.50	1.00	0.00	0.00
81.40	23.30	22.00	22.10	21.70	38.70	1.30	0.00	0.00
81.50	23.30	22.00	22.10	21.70	38.50	1.30	0.00	0.00
81.60	23.30	22.00	22.10	21.60	38.70	1.10	0.00	0.00
81.70	23.40	21.90	22.20	21.70	38.50	1.10	0.00	0.00
81.80	23.40	21.90	22.20	21.70	38.50	1.10	0.00	0.00
81.90	23.40	22.00	22.20	21.80	38.70	1.10	0.00	0.00
82.00	23.20	22.00	22.20	21.70	39.20	-0.60	0.00	0.00
82.10	23.20	22.00	22.20	21.70	38.80	1.00	0.00	0.00
82.20	23.40	22.00	22.20	21.60	38.70	1.10	0.00	0.00
82.30	23.30	22.10	22.20	21.70	38.70	1.30	0.00	0.00
82.40	23.30	22.10	22.20	21.70	38.80	1.00	0.00	0.00
82.50	23.30	22.00	22.10	21.70	38.20	1.30	0.00	0.00
82.60	23.40	22.00	22.20	21.70	38.70	1.10	0.00	0.00
82.70	23.40	22.00	22.20	21.70	38.70	1.10	0.00	0.00
82.80	23.30	22.10	22.30	21.60	38.70	1.10	0.00	0.00
82.90	23.30	22.10	22.20	21.70	38.50	1.30	0.00	0.00
83.00	23.30	22.10	22.20	21.70	38.80	1.00	0.00	0.00
83.10	23.30	22.10	22.20	21.80	38.50	1.10	0.00	0.00
83.20	23.10	22.00	22.20	21.80	39.00	1.30	0.00	0.00
83.30	23.10	22.00	22.20	21.80	38.50	1.30	0.00	0.00
83.40	23.20	22.00	22.10	21.70	38.70	1.40	0.00	0.00
83.50	23.20	22.00	22.10	21.70	38.80	1.30	0.00	0.00
83.60	23.30	22.00	22.10	21.70	38.70	1.10	0.00	0.00
83.70	23.30	21.90	22.10	21.60	38.70	1.10	0.00	0.00
83.80	23.30	21.90	22.10	21.60	38.50	1.30	0.00	0.00
83.90	23.20	22.00	22.20	21.70	38.80	1.00	0.00	0.00
84.00	23.20	22.10	22.10	21.80	38.80	1.10	0.00	0.00
84.10	23.20	22.10	22.10	21.80	38.70	1.00	0.00	0.00
84.20	23.20	21.90	22.10	21.70	39.00	1.10	0.00	0.00
84.30	23.20	22.00	22.20	21.60	38.50	1.40	0.00	0.00
84.40	23.20	22.00	22.20	21.60	39.00	1.00	0.00	0.00
84.50	23.20	22.10	22.20	21.60	38.50	1.30	0.00	0.00
84.60	23.20	22.10	22.20	21.60	38.70	1.40	0.00	0.00
84.70	23.30	22.10	22.20	21.80	38.50	1.40	0.00	0.00
84.80	23.20	22.00	22.20	21.80	38.80	1.40	0.00	0.00
84.90	23.20	22.00	22.20	21.80	38.80	1.00	0.00	0.00
85.00	23.30	22.00	22.20	21.70	39.00	1.30	0.00	0.00
85.10	23.30	22.00	22.20	21.70	38.40	1.10	0.00	0.00
85.20	23.20	22.00	22.20	21.70	38.70	1.10	0.00	0.00
85.30	23.20	22.00	22.30	21.60	38.70	1.00	0.00	0.00
85.40	23.20	22.00	22.30	21.60	36.70	1.40	0.00	0.00
85.50	23.30	22.10	22.20	21.80	36.70	1.40	0.00	0.00
85.60	23.20	21.90	22.10	21.70	38.50	1.60	0.00	0.00
85.70	23.20	21.90	22.10	21.70	38.50	1.10	0.00	0.00
85.80	23.30	22.00	22.20	21.80	38.40	1.10	0.00	0.00
85.90	23.30	22.00	22.20	21.80	38.70	1.10	0.00	0.00
86.00	23.10	21.90	22.20	21.60	38.40	1.30	0.00	0.00
86.10	23.10	22.10	22.30	21.70	38.70	1.10	0.00	0.00
86.20	23.10	22.10	22.30	21.70	38.70	1.30	0.00	0.00
86.30	23.10	22.00	22.10	21.70	38.70	1.10	0.00	0.00
86.40	23.30	22.10	22.30	21.80	38.50	1.00	0.00	0.00
86.50	23.30	22.10	22.30	21.80	38.70	0.80	0.00	0.00
86.60	23.30	22.00	22.20	21.80	38.50	0.70	0.00	0.00
86.70	23.20	22.00	22.20	21.70	38.50	1.10	0.00	0.00
86.80	23.20	22.00	22.20	21.70	38.50	1.40	0.00	0.00
86.90	23.30	22.20	22.30	21.80	38.70	1.00	0.00	0.00
87.00	23.30	22.20	22.30	21.80	38.50	1.30	0.00	0.00
87.10	23.30	22.10	22.20	21.70	38.70	0.80	0.00	0.00
87.20	23.30	22.10	22.30	21.80	38.50	1.30	0.00	0.00
87.30	23.30	22.10	22.30	21.80	39.00	1.00	0.00	0.00
87.40	23.10	21.90	22.10	21.60	39.00	1.00	0.00	0.00
87.50	23.20	21.90	22.20	21.80	38.70	1.40	0.00	0.00
87.60	23.20	21.90	22.20	21.80	38.20	1.00	0.00	0.00
87.70	23.20	22.10	22.20	21.80	38.40	1.10	0.00	0.00
87.80	23.20	22.00	22.20	21.60	38.70	1.70	0.00	0.00
87.90	23.20	22.00	22.20	21.60	38.50	0.80	0.00	0.00
88.00	23.20	22.10	22.20	21.60	39.00	0.80	0.00	0.00
88.10	23.20	22.10	22.20	21.60	38.40	1.30	0.00	0.00
88.20	23.20	21.90	22.20	21.60	38.50	1.40	0.00	0.00
88.30	23.10	22.00	22.20	21.70	38.70	1.10	0.00	0.00
88.40	23.10	22.00	22.20	21.70	38.50	1.40	0.00	0.00
88.50	23.00	22.00	22.10	21.70	38.80	1.60	0.00	0.00
88.60	23.00	22.00	22.10	21.70	38.40	1.40	0.00	0.00
88.70	23.10	22.00	22.20	21.70	38.40	1.10	0.00	0.00
88.80	23.20	22.10	22.20	21.70	38.70	1.30	0.00	0.00
88.90	23.20	22.10	22.20	21.70	38.20	1.30	0.00	0.00
89.00	23.00	22.00	22.20	21.70	38.50	1.10	0.00	0.00
89.10	23.20	22.00	22.30	21.70	38.20	1.40	0.00	0.00
89.20	23.20	22.00	22.30	21.70	38.70	0.80	0.00	0.00
89.30	23.00	22.10	22.20	21.70	38.70	0.80	0.00	0.00
89.40	23.10	22.00	22.10	21.70	38.80	1.10	0.00	0.00
89.50	23.10	22.00	22.10	21.70	38.70	1.10	0.00	0.00
89.60	23.10	22.00	22.00	21.60	38.70	1.00	0.00	0.00
89.70	23.30	22.00	22.20	21.70	39.00	1.30	0.00	0.00
89.80	23.30	22.00	22.20	21.70	38.20	1.30	0.00	0.00
89.90	23.10	22.10	22.10	21.50	38.80	1.40	0.00	0.00
90.00	23.20	22.10	22.20	21.70	38.80	1.30	0.00	0.00
90.10	23.20	22.10	22.20	21.70	38.70	1.10	0.00	0.00
90.20	23.10	22.10	22.20	21.70	38.70	1.10	0.00	0.00
90.30	23.20	22.00	22.10	21.70	38.70	0.50	0.00	0.00
90.40	23.20	22.00	22.10	21.70	38.20	1.00	0.00	0.00
90.50	23.10	22.00	22.10	21.60	38.20	1.40	0.00	0.00
90.60	23.00	21.90	22.10	21.60	38.50	1.70	0.00	0.00
90.70	23.00	21.90	22.10	21.60	39.00	0.80	0.00	0.00
90.80	23.20	22.10	22.30	21.70	38.70	1.30	0.00	0.00
90.90	23.20	22.10	22.30	21.70	39.00	1.10	0.00	0.00
91.00	23.00	22.00	22.30	21.80	38.40	1.40	0.00	0.00
91.10	23.20	22.10	22.20	21.80	38.40	1.40	0.00	0.00
91.20	23.20	22.10	22.20	21.80	38.70	1.10	0.00	0.00
91.30	23.10	22.20	22.30	21.60	38.50	1.30	0.00	0.00
91.40	23.10	22.20	22.30	21.60	38.70	1.30	0.00	0.00
91.50	23.00	22.10	22.20	21.70	38.40	1.10	0.00	0.00
91.60	23.20	22.10	22.20	21.70	38.50	1.00	0.00	0.00
91.70	23.20	22.10	22.20	21.70	38.70	1.10	0.00	0.00
91.80	23.10	22.10	22.20	21.80	38.50	0.70	0.00	0.00
91.90	23.10	22.10	22.20	21.70	38.20	1.30	0.00	0.00
92.00	23.10	22.10	22.20	21.70	38.20	1.30	0.00	0.00
92.10	23.10	22.00	22.30	21.80	39.00	0.80	0.00	0.00
92.20	23.20	22.00	22.10	21.70	38.50	1.30	0.00	0.00
92.30	23.20	22.00	22.10	21.70	38.50	1.30	0.00	0.00
92.40	23.20	22.10	22.30	21.80	38.50	1.10	0.00	0.00
92.50	23.00	22.00	22.20	21.80	38.70	1.30	0.00	0.00
92.60	23.00	22.00	22.20	21.80	38.50	1.10	0.00	0.00
92.70	23.20	22.20	22.20	21.80	38.70	1.00	0.00	0.00
92.80	23.10	22.10	22.20	21.70	38.50	1.40	0.00	0.00
92.90	23.10	22.10	22.20	21.70	38.50	1.40	0.00	0.00
93.00	23.00	22.10	22.30	21.80	38.20	1.10	0.00	0.00
93.10	23.20	22.20	22.20	21.80	38.50	1.10	0.00	0.00
93.20	23.20	22.20	22.20	21.80	38.80	1.10	0.00	0.00
93.30	22.90	22.10	22.20	21.80	38.80	1.30	0.00	0.00
93.40	22.90	22.10	22.20	21.80	38.70	1.10	0.00	0.00
93.50	22.90	22.00	22.20	21.70	38.70	1.40	0.00	0.00
93.60	23.10	22.20	22.30	21.70	38.10	1.30	0.00	0.00
93.70	23.20	22.10	22.20	21.90	38.50	1.00	0.00	0.00
93.80	23.20	22.10	22.20	21.90	38.50	1.00	0.00	0.00
93.90	23.00	22.00	22.20	21.70	38.50	1.40	0.00	0.00
94.00	23.00	22.10	22.10	21.70	38.70	1.10	0.00	0.00
94.10	23.00	22.10	22.10	21.70	38.80	1.60	0.00	0.00
94.20	23.10	22.10	22.10	21.70	38.80	1.40	0.00	0.00
94.30	23.10	22.00	22.10	21.60	39.50	1.30	0.00	0.00
94.40	23.10	22.00	22.10	21.60	38.50	1.60	0.00	0.00
94.50	23.10	22.10	22.10	21.60	38.50	1.40	0.00	0.00
94.60	23.00	22.00	22.10	21.70	39.20	1.00	0.00	0.00
94.70	23.00	22.00	22.10	21.70	39.20	1.00	0.00	0.00
94.80	23.10	22.10	22.30	21.80	38.70	1.40	0.00	0.00
94.90	23.10	22.10	22.30	21.80	38.50	1.10	0.00	0.00
95.00	23.00	22.00	22.10	21.80	38.40	1.40	0.00	0.00
95.10	23.10	22.10	22.20	21.90	38.40	0.70	0.00	0.00
95.20	23.10	22.10	22.20	21.90	38.50	1.10	0.00	0.00
95.30	23.20	22.10	22.30	21.90	38.80	1.30	0.00	0.00
95.40	23.10	22.10	22.20	21.70	38.40	1.70	0.00	0.00
95.50	23.10	22.10	22.20	21.70	38.70	1.00	0.00	0.00
95.60	23.10	22.10	22.30	21.70	38.70	1.00	0.00	0.00
95.70	23.10	22.10	22.20	21.80	39.20	1.00	0.00	0.00
95.80	23.10	22.10	22.20	21.80	38.20	1.30	0.00	0.00
95.90	23.10	22.20	22.20	21.80	39.00	1.00	0.00	0.00
96.00	23.10	22.00	22.20	21.70	38.50	1.40	0.00	0.00
96.10	23.10	22.00	22.20	21.70	38.10	1.00	0.00	0.00
96.20	23.10	21.90	22.10	21.70	38.70	1.40	0.00	0.00
96.30	23.10	21.90	22.10	21.70	38.40	1.00	0.00	0.00
96.40	23.00	22.00	22.20	21.70	38.80	1.60	0.00	0.00
96.50	22.90	22.10	22.20	21.80	38.80	1.40	0.00	0.00
96.60	22.90	22.10	22.20	21.80	38.80	1.40	0.00	0.00
96.70	22.90	21.90	22.30	21.70	38.80	0.80	0.00	0.00
96.80	23.00	22.10	22.20	21.60	39.00	2.20	0.00	0.00
96.90	23.00	22.10	22.20	21.60	38.80	1.30	0.00	0.00
97.00	23.00	22.10	22.10	21.70	38.50	1.00	0.00	0.00
97.10	22.90	22.00	22.20	21.60	38.40	1.10	0.00	0.00
97.20	22.90	22.00	22.20	21.60	38.50	1.10	0.00	0.00
97.30	23.00	22.00	22.30	21.70	39.20	1.10	0.00	0.00
97.40	23.00	22.00	22.30	21.70	38.10	1.30	0.00	0.00
97.50	22.90	22.10	22.20	21.70	38.10	1.30	0.00	0.00
97.60	22.90	22.00	22.20	21.70	38.70	1.60	0.00	0.00
97.70	22.90	22.00	22.20	21.70	38.50	1.10	0.00	0.00
97.80	23.00	22.00	22.10	21.70	38.80	0.80	0.00	0.00
97.90	23.00	22.00	22.10	21.70	38.50	1.60	0.00	0.00
98.00	23.10	22.10	22.30	21.70	38.40	1.40	0.00	0.00
98.10	23.00	22.10	22.20	21.60	38.80	1.10	0.00	0.00
98.20	23.00	22.10	22.20	21.60	38.70	1.10	0.00	0.00
98.30	23.10	22.20	22.20	21.80	38.40	1.40	0.00	0.00
98.40	23.00	22.00	22.20	21.70	38.40	1.30	0.00	0.00
98.50	23.00	22.00	22.20	21.70	38.40	1.30	0.00	0.00
98.60	23.00	22.10	22.40	21.60	38.80	1.00	0.00	0.00
98.70	23.00	22.10	22.20	21.70	38.80	1.00	0.00	0.00
98.80	23.00	22.10	22.20	21.70	38.70	1.10	0.00	0.00
98.90	23.00	21.90	22.10	21.70	38.70	1.40	0.00	0.00
99.00	23.00	22.10	22.10	21.70	38.70	1.10	0.00	0.00
99.10	23.00	22.10	22.10	21.70	38.20	1.00	0.00	0.00
99.20	23.00	22.00	22.20	21.70	38.40	1.40	0.00	0.00
99.30	23.10	22.10	22.20	21.80	38.50	1.60	0.00	0.00
99.40	23.10	22.10	22.20	21.80	38.50	1.60	0.00	0.00
99.50	23.00	22.00	22.20	21.70	39.00	1.30	0.00	0.00
99.60	23.00	22.10	22.10	21.70	38.80	1.40	0.00	0.00
99.70	23.00	22.10	22.10	21.70	38.70	1.00	0.00	0.00
99.80	23.10	22.10	22.30	21.80	38.80	1.40	0.00	0.00
99.90	23.00	22.10	22.30	21.90	38.70	1.30	0.00	0.00
100.00	23.00	22.10	22.30	21.90	38.70	1.70	0.00	0.00
100.10	23.00	22.00	22.20	21.80	38.80	1.30	0.00	0.00
100.20	23.00	22.00	22.20	21.80	38.50	1.30	0.00	0.00
100.30	23.00	22.10	22.20	21.70	38.70	1.30	0.00	0.00
100.40	23.00	22.10	22.20	21.70	38.70	1.30	0.00	0.00
100.50	23.00	22.10	22.20	21.70	38.70	1.10	0.00	0.00
100.60	23.00	22.00	22.20	21.60	38.40	1.40	0.00	0.00
100.70	23.00	22.10	22.20	21.80	38.40	1.00	0.00	0.00
100.80	23.00	22.10	22.20	21.80	38.70	1.10	0.00	0.00
100.90	23.00	22.10	22.20	21.80	38.70	1.60	0.00	0.00
101.00	23.10	22.10	22.20	21.70	38.80	1.40	0.00	0.00
101.10	23.10	22.10	22.20	21.70	38.70	1.40	0.00	0.00
101.20	23.00	22.00	22.10	21.80	38.70	1.30	0.00	0.00
101.30	23.00	22.10	22.20	21.70	38.70	1.30	0.00	0.00
101.40	23.00	22.10	22.20	21.70	38.70	1.30	0.00	0.00
101.50	22.90	22.00	22.10	21.60	39.00	1.00	0.00	0.00
101.60	22.90	22.00	22.10	21.60	38.40	1.00	0.00	0.00
101.70	23.00	22.20	22.20	21.80	38.80	1.30	0.00	0.00
101.80	23.00	22.10	22.10	21.60	38.80	1.40	0.00	0.00
101.90	23.00	22.10	22.10	21.60	38.80	1.60	0.00	0.00
102.00	23.00	22.20	22.20	21.70	38.50	1.00	0.00	0.00
102.10	23.00	22.00	22.30	21.70	39.20	1.30	0.00	0.00
102.20	23.00	22.00	22.30	21.70	38.70	1.40	0.00	0.00
102.30	23.00	22.10	22.10	21.70	38.70	1.40	0.00	0.00
102.40	23.00	22.00	22.20	21.70	39.00	1.30	0.00	0.00
102.50	23.00	22.00	22.20	21.70	39.00	1.10	0.00	0.00
102.60	23.00	22.10	22.30	21.70	39.00	1.30	0.00	0.00
102.70	23.00	22.10	22.20	21.80	38.50	0.80	0.00	0.00
102.80	23.00	22.10	22.20	21.80	38.50	1.30	0.00	0.00
102.90	22.90	22.10	22.10	21.70	38.50	1.30	0.00	0.00
103.00	22.90	22.10	22.10	21.70	38.20	1.10	0.00	0.00
103.10	23.00	22.00	22.20	21.70	38.70	1.00	0.00	0.00
103.20	23.00	22.10	22.30	21.80	38.70	1.00	0.00	0.00
103.30	23.00	22.10	22.30	21.80	38.70	1.60	0.00	0.00
103.40	23.00	22.20	22.20	21.70	39.00	1.30	0.00	0.00
103.50	22.90	22.00	22.20	21.60	38.80	1.10	0.00	0.00
103.60	22.90	22.00	22.20	21.60	39.00	1.10	0.00	0.00
103.70	23.00	22.00	22.30	21.80	37.00	1.40	0.00	0.00
103.80	23.00	22.20	22.20	21.80	38.70	1.40	0.00	0.00
103.90	23.00	22.20	22.20	21.80	38.70	1.30	0.00	0.00
104.00	23.00	22.10	22.20	21.80	38.40	1.40	0.00	0.00
104.10	23.00	22.00	22.20	21.70	38.40	1.10	0.00	0.00
104.20	23.00	22.00	22.20	21.70	38.40	1.10	0.00	0.00
104.30	23.00	22.00	22.10	21.60	38.40	1.30	0.00	0.00
104.40	22.90	22.00	22.10	21.70	38.70	1.40	0.00	0.00
104.50	22.90	22.00	22.10	21.70	39.00	1.30	0.00	0.00
104.60	23.00	22.10	22.20	21.90	38.50	1.60	0.00	0.00
104.70	23.00	22.10	22.20	21.70	39.00	1.60	0.00	0.00
104.80	23.00	22.10	22.20	21.70	38.80	1.40	0.00	0.00
104.90	22.90	22.10	22.30	21.70	38.70	1.00	0.00	0.00
105.00	23.00	22.30	22.20	21.80	38.50	1.30	0.00	0.00
105.10	23.00	22.30	22.20	21.80	38.50	1.30	0.00	0.00
105.20	23.00	22.10	22.30	21.70	39.30	0.80	0.00	0.00
105.30	23.00	22.00	22.20	21.70	38.70	0.80	0.00	0.00
105.40	23.00	22.00	22.20	21.70	38.80	1.60	0.00	0.00
105.50	23.00	22.30	22.30	21.80	38.80	1.30	0.00	0.00
105.60	22.90	22.00	22.10	21.70	38.80	1.60	0.00	0.00
105.70	22.90	22.00	22.10	21.70	38.50	1.70	0.00	0.00
105.80	22.90	22.10	22.00	21.60	38.10	1.40	0.00	0.00
105.90	22.90	22.10	22.20	21.70	38.80	1.60	0.00	0.00
106.00	22.90	22.10	22.20	21.70	38.80	1.60	0.00	0.00
106.10	23.00	22.10	22.20	21.70	38.80	1.30	0.00	0.00
106.20	23.00	22.10	22.20	21.70	38.40	1.00	0.00	0.00
106.30	23.00	22.10	22.20	21.70	38.40	1.40	0.00	0.00
106.40	23.00	22.10	22.40	21.80	37.00	1.30	0.00	0.00
106.50	23.00	22.00	22.10	21.70	38.50	0.50	0.00	0.00
