Ambient Temperature(C): 22.1
Ambient Pressure(in Hg): 29.7
Time(s)	T1(Deg C)	T2(Deg C)	P1(PSI)	P2(PSI)	Mass Flowrate(g/min)

0.00	21.90	21.40	0.00	1.40	0.00
0.10	21.90	21.40	0.20	1.70	0.00
0.20	21.90	21.30	0.50	1.70	0.00
0.30	21.90	21.30	0.20	1.70	0.00
0.40	22.00	21.30	0.80	1.70	0.00
0.50	21.90	21.30	0.70	1.70	0.00
0.60	21.90	21.30	0.70	1.70	0.00
0.70	22.00	21.40	0.70	2.00	0.00
0.80	22.00	21.50	0.50	1.40	0.00
0.90	22.00	21.50	0.70	1.90	0.00
1.00	21.90	21.40	0.70	1.90	0.00
1.10	21.90	21.20	1.00	1.60	0.00
1.20	21.90	21.20	0.20	2.00	0.00
1.30	21.90	21.30	0.20	1.70	0.00
1.40	22.00	21.30	0.70	1.40	0.00
1.50	22.00	21.30	0.70	1.40	0.00
1.60	22.10	21.40	0.40	1.90	0.00
1.70	21.90	21.30	0.20	1.60	0.00
1.80	21.90	21.30	0.40	1.70	0.00
1.90	22.00	21.30	-0.10	1.70	0.00
2.00	22.10	21.30	0.80	1.40	0.00
2.10	22.10	21.30	0.20	1.60	0.00
2.20	22.00	21.40	0.50	1.60	0.00
2.30	22.10	21.40	0.70	1.60	0.00
2.40	22.10	21.40	0.70	1.60	0.00
2.50	22.10	21.40	0.70	1.90	0.00
2.60	22.00	21.30	0.50	1.70	0.00
2.70	22.00	21.30	0.20	1.70	0.00
2.80	22.10	21.40	0.40	2.00	0.00
2.90	22.00	21.40	0.70	1.90	0.00
3.00	22.00	21.40	0.40	1.90	0.00
3.10	22.00	21.30	0.20	2.40	0.00
3.20	22.00	21.30	0.20	1.70	0.00
3.30	22.00	21.30	0.20	1.60	0.00
3.40	22.00	21.40	0.40	1.60	0.00
3.50	22.00	21.40	0.00	1.40	0.00
3.60	22.00	21.40	0.70	1.90	0.00
3.70	22.00	21.40	0.40	1.60	0.00
3.80	22.10	21.50	0.40	1.60	0.00
3.90	22.00	21.40	0.40	1.90	0.00
4.00	22.00	21.40	0.00	1.70	0.00
4.10	22.00	21.40	0.00	1.70	0.00
4.20	22.10	21.40	0.20	1.90	0.00
4.30	22.10	21.40	0.20	1.90	0.00
4.40	22.00	21.30	0.50	1.60	0.00
4.50	22.00	21.30	0.20	1.70	0.00
4.60	22.00	21.30	0.50	2.00	0.00
4.70	22.10	21.40	0.00	2.00	0.00
4.80	22.10	21.40	0.50	2.20	0.00
4.90	22.10	21.40	0.00	1.90	0.00
5.00	22.00	21.40	0.00	1.90	0.00
5.10	22.10	21.50	0.00	1.90	0.00
5.20	22.10	21.50	0.20	1.40	0.00
5.30	22.10	21.30	0.20	2.00	0.00
5.40	22.10	21.50	0.70	1.00	0.00
5.50	22.10	21.50	0.40	1.70	0.00
5.60	22.10	21.40	0.70	1.40	0.00
5.70	22.10	21.50	0.00	1.40	0.00
5.80	22.10	21.50	0.70	1.40	0.00
5.90	22.00	21.30	0.70	1.40	0.00
6.00	22.00	21.30	0.50	1.40	0.00
6.10	22.10	21.50	-0.10	1.60	0.00
6.20	22.00	21.40	0.40	2.00	0.00
6.30	22.20	21.40	1.10	1.60	0.00
6.40	22.20	21.40	0.20	1.60	0.00
6.50	22.00	21.40	0.40	1.70	0.00
6.60	22.00	21.40	0.20	1.40	0.00
6.70	22.00	21.40	1.00	1.40	0.00
6.80	22.10	21.40	1.00	1.40	0.00
6.90	22.10	21.40	0.50	1.60	0.00
7.00	22.10	21.40	0.20	2.00	0.00
7.10	22.20	21.50	0.70	1.60	0.00
7.20	22.10	21.40	-1.70	1.90	0.00
7.30	22.10	21.40	0.50	1.70	0.00
7.40	22.00	21.40	0.50	1.40	0.00
7.50	22.00	21.40	0.70	1.40	0.00
7.60	22.10	21.50	0.70	1.90	0.00
7.70	22.10	21.40	0.70	1.90	0.00
7.80	22.20	21.40	0.40	2.00	0.00
7.90	22.20	21.40	0.80	1.40	0.00
8.00	22.10	21.50	0.50	1.70	0.00
8.10	22.00	21.40	0.70	2.00	0.00
8.20	22.00	21.40	0.70	1.40	0.00
8.30	22.30	21.50	0.40	1.60	0.00
8.40	22.20	21.40	0.70	1.40	0.00
8.50	22.20	21.40	0.40	1.60	0.00
8.60	22.20	21.50	0.40	1.60	0.00
8.70	22.00	21.50	0.40	2.00	0.00
8.80	22.00	21.50	0.40	1.60	0.00
8.90	22.30	21.40	0.70	1.40	0.00
9.00	22.20	21.50	1.30	1.40	0.00
9.10	22.20	21.50	0.80	1.70	0.00
9.20	21.90	21.40	0.50	1.70	0.00
9.30	22.00	21.30	0.50	1.70	0.00
9.40	22.00	21.30	0.20	1.90	0.00
9.50	22.20	21.50	0.20	1.90	0.00
9.60	22.20	21.50	0.80	1.90	0.00
9.70	22.20	21.50	0.20	1.40	0.00
9.80	22.10	21.40	0.50	2.00	0.00
9.90	21.90	21.20	0.80	1.60	0.00
10.00	21.90	21.20	1.10	1.40	0.00
10.10	22.00	21.30	0.70	1.40	0.00
10.20	22.10	21.50	0.50	1.60	0.00
10.30	22.00	21.30	0.20	2.00	0.00
10.40	22.00	21.30	0.20	2.00	0.00
10.50	22.10	21.50	0.70	1.60	0.00
10.60	22.20	21.40	0.40	1.90	0.00
10.70	22.20	21.40	3.10	1.40	0.00
10.80	22.30	21.80	3.00	2.20	0.00
10.90	23.00	21.80	2.80	2.20	0.00
11.00	23.00	21.80	2.80	2.20	0.00
11.10	23.40	22.00	3.10	2.20	0.00
11.20	23.40	22.10	3.10	1.60	0.00
11.30	23.40	22.10	3.10	1.60	0.00
11.40	23.40	22.00	2.80	2.40	0.00
11.50	23.30	22.00	2.70	1.60	0.00
11.60	23.30	22.00	2.80	2.00	0.00
11.70	23.40	21.80	2.50	2.40	0.00
11.80	23.30	21.70	3.40	2.00	0.00
11.90	23.30	21.70	2.50	2.20	0.00
12.00	23.10	21.80	2.50	2.20	0.00
12.10	23.10	21.90	2.70	2.40	0.00
12.20	23.10	21.90	2.70	2.20	0.00
12.30	22.80	21.70	2.40	2.50	0.00
12.40	22.90	21.80	2.80	1.90	0.00
12.50	22.90	21.80	2.40	2.00	0.00
12.60	22.80	21.70	2.50	2.00	0.00
12.70	22.80	21.80	2.50	2.40	0.00
12.80	22.80	21.80	2.40	2.20	0.00
12.90	22.70	21.80	2.40	2.40	0.00
13.00	22.60	21.70	2.50	2.20	0.00
13.10	22.60	21.70	2.50	2.20	0.00
13.20	22.60	21.60	2.70	2.20	0.00
13.30	22.60	21.60	2.70	2.00	0.00
13.40	22.40	21.70	2.40	2.40	0.00
13.50	22.70	21.80	2.50	2.40	0.00
13.60	22.70	21.80	2.80	2.40	0.00
13.70	22.60	21.70	3.40	2.00	0.00
13.80	22.60	21.70	2.00	2.00	0.00
13.90	22.60	21.70	2.00	2.00	-0.01
14.00	22.50	21.80	2.40	2.00	-0.01
14.10	22.60	21.90	2.50	2.20	0.00
14.20	22.60	21.90	2.50	2.00	-0.01
14.30	22.40	21.70	2.40	2.20	0.00
14.40	22.30	21.70	2.50	2.00	0.00
14.50	22.30	21.70	2.20	2.20	0.00
14.60	22.40	21.80	2.40	1.70	0.18
14.70	22.60	21.70	2.50	2.00	0.86
14.80	22.60	21.70	2.50	2.00	1.57
14.90	22.40	21.70	2.50	1.70	2.33
15.00	22.40	21.50	2.80	2.20	3.00
15.10	22.40	21.50	2.70	2.50	3.61
15.20	22.50	21.80	2.50	2.50	4.22
15.30	22.40	21.50	3.00	2.40	4.65
15.40	22.60	21.80	2.50	2.40	5.00
15.50	22.60	21.80	2.80	2.40	5.33
15.60	22.40	21.60	2.50	1.90	5.67
15.70	22.40	21.60	2.80	2.20	5.97
15.80	22.40	21.70	3.00	2.70	6.18
15.90	22.60	21.70	2.80	2.00	6.41
16.00	22.60	21.70	2.70	2.50	6.77
16.10	22.50	21.70	2.70	1.90	7.28
16.20	22.50	21.70	2.70	2.40	7.84
16.30	22.60	21.60	2.50	2.50	8.45
16.40	22.90	21.80	3.00	2.00	9.16
16.50	22.90	21.80	3.00	2.40	9.72
16.60	22.60	21.70	3.00	2.40	10.18
16.70	22.60	21.70	3.30	2.00	10.61
16.80	22.60	21.70	2.50	1.90	10.93
16.90	22.70	21.60	2.40	2.00	11.15
17.00	22.90	21.90	2.70	2.20	11.33
17.10	22.90	21.90	2.80	2.50	11.34
17.20	22.80	21.60	2.70	1.90	11.43
17.30	22.70	21.60	2.70	2.20	11.70
17.40	22.70	21.60	2.80	2.20	12.03
17.50	22.90	21.80	2.80	2.20	12.41
17.60	22.90	21.80	3.30	2.70	12.86
17.70	22.80	21.60	2.70	2.40	13.44
17.80	22.80	21.60	3.30	2.40	13.95
17.90	22.80	21.60	3.30	2.20	14.53
18.00	23.00	21.70	1.70	2.20	14.95
18.10	23.00	21.70	3.40	1.40	15.19
18.20	23.10	21.90	3.10	2.40	15.40
18.30	23.10	21.90	3.10	1.70	15.47
18.40	23.10	21.80	3.40	2.70	15.50
18.50	23.00	21.70	3.60	1.70	15.46
18.60	23.10	21.80	3.60	2.00	15.40
18.70	23.10	21.80	3.60	2.00	15.38
18.80	23.10	21.70	3.30	2.20	15.37
18.90	23.10	21.70	3.40	1.90	15.91
19.00	23.30	22.00	3.70	2.20	16.49
19.10	23.20	21.80	3.70	2.40	16.91
19.20	23.20	21.70	3.90	2.20	17.59
19.30	23.20	21.70	3.90	2.20	18.59
19.40	23.20	21.80	3.70	2.40	19.74
19.50	23.30	21.70	4.50	2.40	20.72
19.60	23.30	21.70	3.70	2.50	21.60
19.70	23.40	21.70	3.90	2.20	22.24
19.80	23.20	21.80	4.00	1.90	22.85
19.90	23.20	21.80	3.70	2.20	23.43
20.00	23.40	21.80	4.00	1.60	23.87
20.10	23.40	21.70	4.40	1.90	24.39
20.20	23.40	21.70	4.00	2.20	24.88
20.30	23.50	21.80	4.50	1.70	25.05
20.40	23.40	21.60	5.00	2.20	25.48
20.50	23.40	21.60	4.40	2.50	26.08
20.60	23.40	21.70	4.50	2.20	26.63
20.70	23.50	21.70	4.70	2.80	27.20
20.80	23.50	21.70	4.50	2.00	27.74
20.90	23.50	21.70	4.70	2.00	28.36
21.00	23.60	21.70	4.70	2.00	28.97
21.10	23.60	21.70	4.70	1.70	29.46
21.20	23.60	21.60	5.00	2.20	29.93
21.30	23.50	21.50	4.70	1.90	30.26
21.40	23.50	21.50	4.70	2.00	30.55
21.50	23.80	21.60	5.10	2.00	30.97
21.60	23.80	21.60	5.00	2.00	31.39
21.70	23.80	21.60	5.30	1.90	31.86
21.80	23.90	21.70	5.40	2.00	32.18
21.90	23.90	21.60	5.40	2.00	32.35
22.00	23.90	21.60	5.40	2.50	32.34
22.10	23.80	21.60	5.60	2.70	32.29
22.20	23.80	21.60	5.70	2.00	32.32
22.30	24.10	21.70	5.60	2.20	32.24
22.40	24.00	21.60	5.90	1.90	32.22
22.50	24.00	21.60	5.60	2.00	32.17
22.60	24.00	21.60	6.00	2.20	32.18
22.70	24.00	21.60	6.20	2.40	32.60
22.80	24.10	21.70	6.20	2.40	33.23
22.90	24.10	21.70	6.00	1.90	33.97
23.00	24.10	21.70	6.40	2.20	34.74
23.10	24.20	21.70	6.20	2.20	35.50
23.20	24.20	21.80	6.00	1.60	36.16
23.30	24.20	21.80	6.50	1.90	36.28
23.40	24.20	21.70	6.40	2.40	36.42
23.50	24.20	21.70	6.50	2.00	37.24
23.60	24.20	21.60	6.70	1.90	37.86
23.70	24.30	21.60	7.10	2.20	38.10
23.80	24.30	21.60	6.70	2.20	38.16
23.90	24.40	21.70	7.10	2.20	38.14
24.00	24.50	21.70	7.30	2.40	38.69
24.10	24.50	21.70	6.50	1.70	39.19
24.20	24.50	21.70	7.30	2.00	39.36
24.30	24.40	21.60	7.40	2.50	39.34
24.40	24.40	21.60	7.10	2.50	39.91
24.50	24.60	21.70	7.40	2.70	40.61
24.60	24.60	21.70	7.40	2.70	41.16
24.70	24.60	21.70	7.90	2.20	41.77
24.80	24.60	21.60	7.60	1.90	42.17
24.90	24.50	21.60	7.60	2.20	42.61
25.00	24.50	21.60	7.40	2.00	42.96
25.10	24.60	21.60	8.20	2.00	43.19
25.20	24.60	21.60	7.90	2.00	43.19
25.30	24.60	21.60	8.40	2.20	43.13
25.40	24.70	21.80	8.20	2.40	43.09
25.50	24.80	21.70	8.20	2.40	43.65
25.60	24.70	21.60	8.50	2.00	44.97
25.70	24.70	21.60	8.70	2.40	45.44
25.80	24.80	21.70	8.40	1.70	45.76
25.90	24.80	21.70	8.50	2.20	45.94
26.00	24.80	21.70	9.00	1.70	46.19
26.10	24.80	21.70	8.80	2.20	46.96
26.20	25.00	21.70	8.70	2.00	47.56
26.30	25.00	21.70	9.40	2.40	48.14
26.40	24.80	21.70	9.40	2.40	48.34
26.50	25.10	21.80	9.40	2.40	48.30
26.60	25.10	21.80	9.60	2.00	48.39
26.70	25.10	21.60	9.10	2.20	49.06
26.80	25.00	21.60	9.70	2.20	49.72
26.90	25.00	21.60	9.70	2.00	50.44
27.00	25.10	21.70	9.90	2.20	50.49
27.10	25.10	21.70	9.90	2.50	50.47
27.20	25.10	21.70	10.10	2.20	50.43
27.30	25.20	21.80	10.10	2.20	50.37
27.40	25.20	21.70	10.40	2.70	50.36
27.50	25.20	21.60	10.50	2.20	50.31
27.60	25.20	21.60	10.70	2.80	50.28
27.70	25.20	21.70	10.40	1.90	50.26
27.80	25.30	21.60	9.90	2.70	50.19
27.90	25.30	21.60	10.80	1.90	50.17
28.00	25.30	21.70	11.00	1.90	50.10
28.10	25.30	21.70	11.10	2.00	50.08
28.20	25.50	21.60	11.30	2.40	50.05
28.30	25.30	21.70	11.10	1.90	49.96
28.40	25.30	21.70	11.40	2.20	49.99
28.50	25.40	21.60	11.30	2.00	50.00
28.60	25.40	21.60	11.70	2.20	49.92
28.70	25.50	21.70	11.30	1.70	49.93
28.80	25.50	21.70	11.90	2.50	49.88
28.90	25.50	21.70	11.60	2.20	49.85
29.00	25.50	21.90	11.60	2.20	49.80
29.10	25.60	21.70	12.40	1.60	49.81
29.20	25.60	21.60	12.40	2.00	49.72
29.30	25.60	21.60	12.70	1.90	49.69
29.40	25.60	21.80	12.40	1.90	49.72
29.50	25.60	21.80	12.50	1.70	49.65
29.60	25.60	21.70	12.50	2.20	49.62
29.70	25.70	21.70	12.80	2.40	49.57
29.80	25.60	21.70	13.00	1.90	49.61
29.90	25.60	21.70	13.00	1.90	49.59
30.00	25.70	21.70	13.00	1.70	49.55
30.10	25.50	21.60	13.00	2.20	49.53
30.20	25.50	21.60	13.00	2.20	49.48
30.30	25.70	21.70	13.10	2.00	49.44
30.40	25.70	21.70	13.60	2.20	49.44
30.50	25.70	21.70	13.70	1.90	50.00
30.60	25.90	21.60	13.40	2.40	50.50
30.70	25.80	21.80	13.60	1.90	50.54
30.80	25.80	21.80	13.60	1.90	50.58
30.90	25.70	21.80	13.70	2.00	50.54
31.00	25.70	21.70	13.70	2.20	50.49
31.10	25.70	21.70	14.20	1.60	50.43
31.20	25.60	21.60	14.10	2.40	50.41
31.30	25.90	21.80	14.40	1.90	50.36
31.40	25.90	21.80	15.00	2.40	50.33
31.50	25.90	21.80	14.80	2.50	50.28
31.60	25.90	21.60	14.70	2.00	50.26
31.70	26.00	21.80	14.70	2.00	50.25
31.80	26.00	21.80	14.70	2.50	50.20
31.90	26.00	21.70	15.30	2.20	50.14
32.00	25.90	21.70	15.10	1.90	50.13
32.10	25.90	21.70	15.30	2.00	50.12
32.20	25.90	21.70	15.30	2.20	50.05
32.30	25.90	21.70	16.10	2.00	50.02
32.40	25.90	21.70	16.10	2.40	50.02
32.50	26.00	21.70	16.10	2.40	49.96
32.60	25.90	21.70	15.70	2.00	49.94
32.70	26.00	21.80	16.10	2.50	49.91
32.80	26.00	21.80	16.70	2.40	49.91
32.90	25.90	21.70	15.90	2.00	49.79
33.00	25.90	21.70	16.10	2.50	49.80
33.10	25.90	21.80	16.50	2.00	49.73
33.20	25.90	21.70	16.50	2.50	49.73
33.30	25.90	21.70	16.70	2.40	49.72
33.40	26.00	21.80	16.70	2.40	49.70
33.50	25.80	21.70	17.10	1.70	49.65
33.60	26.10	21.70	17.30	1.90	49.60
33.70	26.10	21.70	17.10	2.70	49.61
33.80	26.00	21.80	17.00	2.20	49.56
33.90	26.10	21.80	17.60	1.70	49.57
34.00	26.10	21.80	17.60	2.00	49.55
34.10	26.10	21.90	17.30	2.70	49.49
34.20	26.00	21.70	17.30	1.90	49.46
34.30	26.00	21.70	17.30	1.90	49.48
34.40	26.20	21.80	17.40	2.50	49.47
34.50	26.20	21.80	17.60	1.70	49.41
34.60	26.10	21.70	18.20	2.70	50.02
34.70	26.20	21.80	17.60	2.00	50.66
34.80	26.20	21.80	18.50	2.00	50.78
34.90	26.10	21.70	18.20	1.90	50.70
35.00	26.20	21.80	19.00	2.00	50.75
35.10	26.20	21.80	18.70	1.90	50.65
35.20	26.20	21.70	18.70	1.90	50.60
35.30	26.00	21.80	19.10	2.40	50.57
35.40	26.00	21.80	19.10	2.00	50.59
35.50	26.10	21.70	19.00	1.60	50.52
35.60	26.20	21.90	19.30	2.00	50.52
35.70	26.20	21.90	19.10	2.00	50.49
35.80	26.20	21.80	19.60	2.20	50.50
35.90	26.20	21.80	19.40	2.40	50.43
36.00	26.40	21.70	19.30	2.00	50.37
36.10	26.40	21.70	19.10	2.50	50.34
36.20	26.20	21.70	19.40	2.40	50.36
36.30	26.30	21.60	20.40	1.10	50.26
36.40	26.30	21.60	19.90	2.50	50.24
36.50	26.30	21.60	19.90	2.20	50.21
36.60	26.30	21.80	20.70	2.00	50.17
36.70	26.30	21.80	19.90	2.20	50.15
36.80	26.20	21.70	20.50	1.60	50.12
36.90	26.40	21.70	19.80	2.20	50.06
37.00	26.40	21.70	20.80	3.00	50.06
37.10	26.30	21.80	20.50	2.00	50.01
37.20	26.20	21.70	21.00	2.00	50.01
37.30	26.20	21.70	20.80	2.40	49.98
37.40	26.20	21.70	21.40	2.20	49.98
37.50	26.30	21.80	21.30	2.20	49.94
37.60	26.30	21.80	21.60	2.20	49.93
37.70	26.20	21.70	21.30	1.90	49.83
37.80	26.30	21.70	21.90	1.70	49.85
37.90	26.30	21.70	21.60	2.20	49.85
38.00	26.30	21.70	21.80	2.20	49.80
38.10	26.40	21.80	21.90	2.00	49.75
38.20	26.40	21.80	22.10	2.40	49.70
38.30	26.40	21.80	22.40	2.00	49.68
38.40	26.40	21.80	22.10	2.00	49.66
38.50	26.40	21.80	22.40	2.40	49.62
38.60	26.40	21.70	22.40	2.40	49.57
38.70	26.40	21.60	22.40	2.40	49.59
38.80	26.40	21.60	22.40	2.20	49.53
38.90	26.30	21.70	22.40	1.70	49.54
39.00	26.30	21.70	22.50	2.50	49.46
39.10	26.30	21.70	23.00	2.00	49.50
39.20	26.30	21.80	23.00	2.00	49.38
39.30	26.40	21.80	22.40	2.20	49.38
39.40	26.40	21.80	23.00	2.00	49.41
39.50	26.40	21.80	23.40	2.20	49.34
39.60	26.40	21.80	23.40	2.20	49.37
39.70	26.40	21.80	23.30	2.40	49.34
39.80	26.60	21.90	23.80	2.20	49.33
39.90	26.50	21.70	23.80	2.40	49.82
40.00	26.50	21.70	23.80	1.90	50.08
40.10	26.40	21.70	23.60	2.20	50.33
40.20	26.50	21.80	24.40	2.80	50.31
40.30	26.50	21.80	23.80	1.70	50.24
40.40	26.40	21.70	24.20	2.20	50.23
40.50	26.60	21.80	24.20	2.20	50.17
40.60	26.60	21.80	24.50	2.40	50.20
40.70	26.40	21.80	25.30	2.00	50.14
40.80	26.40	21.70	25.10	2.20	50.10
40.90	26.60	21.80	24.10	2.00	50.04
41.00	26.60	21.80	24.70	2.40	50.08
41.10	26.60	21.80	24.80	2.50	50.01
41.20	26.60	21.80	25.30	2.50	50.04
41.30	26.40	21.80	25.30	2.00	50.00
41.40	26.50	21.90	25.30	2.00	49.94
41.50	26.50	21.90	25.80	1.70	49.98
41.60	26.50	21.70	25.40	2.00	49.83
41.70	26.60	21.80	25.30	2.00	49.89
41.80	26.60	21.80	25.30	2.20	49.78
41.90	26.50	21.80	25.40	1.90	49.78
42.00	26.50	21.70	26.10	2.40	49.75
42.10	26.50	21.70	25.40	2.00	49.67
42.20	26.50	21.80	26.20	2.00	49.70
42.30	26.50	21.70	26.20	2.00	49.67
42.40	26.50	21.70	25.90	2.00	49.66
42.50	26.60	21.80	25.90	1.90	49.67
42.60	26.50	21.80	26.20	2.50	50.31
42.70	26.50	21.80	26.40	2.50	50.47
42.80	26.60	21.80	26.40	2.20	50.50
42.90	26.60	21.90	27.00	2.40	50.39
43.00	26.60	21.70	27.30	1.70	50.28
43.10	26.60	21.70	27.10	1.70	50.33
43.20	26.60	21.90	27.10	1.70	50.32
43.30	26.70	21.90	27.30	2.40	50.30
43.40	26.70	21.90	27.80	2.40	50.24
43.50	26.60	21.70	27.60	2.50	50.23
43.60	26.50	21.70	27.60	2.40	50.21
43.70	26.50	21.70	27.60	1.90	50.15
43.80	26.70	21.70	28.40	2.00	50.11
43.90	26.60	21.60	28.10	2.00	50.07
44.00	26.60	21.60	28.20	2.00	50.01
44.10	26.70	21.70	28.20	2.00	49.99
44.20	26.70	21.70	28.70	2.50	49.93
44.30	26.60	21.80	27.90	2.20	49.92
44.40	26.60	21.80	28.10	2.50	49.91
44.50	26.60	21.70	28.40	2.40	49.83
44.60	26.60	21.70	28.10	2.00	49.81
44.70	26.50	21.70	28.70	2.00	49.75
44.80	26.50	21.80	29.00	1.90	49.73
44.90	26.50	21.80	29.50	2.40	49.74
45.00	26.70	21.80	29.50	2.40	49.70
45.10	26.70	21.80	29.30	2.00	49.63
45.20	26.70	21.80	29.50	2.40	49.62
45.30	26.60	21.80	29.60	2.00	49.55
45.40	26.70	21.80	29.80	2.20	49.54
45.50	26.70	21.80	29.60	2.20	49.50
45.60	26.60	21.80	30.10	2.70	49.44
45.70	26.60	21.90	29.80	2.40	49.48
45.80	26.60	21.90	30.40	2.00	50.06
45.90	26.60	21.70	30.40	2.00	50.58
46.00	26.70	21.80	30.50	2.00	50.76
46.10	26.70	21.80	30.40	2.20	50.72
46.20	26.60	21.80	30.50	2.00	50.68
46.30	26.70	21.80	30.20	2.50	50.53
46.40	26.70	21.80	30.70	2.20	50.57
46.50	26.70	21.90	30.80	2.40	50.52
46.60	26.80	21.90	30.40	2.40	50.49
46.70	26.80	21.90	31.30	2.50	50.44
46.80	26.70	21.80	31.30	2.50	50.47
46.90	26.80	21.80	31.10	2.00	50.33
47.00	26.60	21.80	31.30	1.90	50.31
47.10	26.60	21.80	31.60	2.40	50.23
47.20	26.70	21.70	31.80	1.90	50.20
47.30	26.60	21.70	31.80	2.00	50.19
47.40	26.60	21.70	32.20	2.20	50.17
47.50	26.60	21.80	31.50	2.20	50.17
47.60	26.60	21.80	31.60	2.40	50.07
47.70	26.70	21.80	32.10	1.90	50.07
47.80	26.80	21.80	32.20	2.50	50.00
47.90	26.80	21.80	32.20	2.20	49.93
48.00	26.70	21.80	32.50	3.10	49.94
48.10	26.70	21.80	32.80	2.40	49.87
48.20	26.70	21.90	32.50	2.00	49.85
48.30	26.90	21.90	33.00	1.90	49.79
48.40	26.90	21.90	32.20	1.70	49.73
48.50	26.80	21.80	32.20	1.70	49.70
48.60	26.80	21.90	32.80	2.00	49.67
48.70	26.70	21.80	33.30	2.00	49.66
48.80	26.70	21.80	33.00	2.20	49.62
48.90	26.70	21.70	33.50	2.80	49.59
49.00	26.80	21.80	33.60	1.70	49.53
49.10	26.80	21.80	33.60	1.90	49.46
49.20	26.70	21.70	33.90	1.90	49.44
49.30	26.70	21.70	33.90	2.00	49.43
49.40	26.90	21.90	33.90	2.00	49.40
49.50	26.70	21.80	33.90	2.20	49.38
49.60	26.70	21.80	34.20	2.50	49.31
49.70	26.70	21.80	34.40	2.40	49.40
49.80	26.80	21.80	34.50	2.40	50.37
49.90	26.80	21.70	34.10	2.20	50.78
50.00	26.80	21.70	34.70	2.20	50.89
50.10	26.80	21.80	35.00	1.90	50.85
50.20	26.70	21.80	34.70	2.40	50.78
50.30	26.70	21.80	34.70	2.40	50.72
50.40	26.70	21.90	35.00	2.70	50.66
50.50	26.70	21.70	35.00	2.00	50.60
50.60	26.70	21.70	35.50	1.90	50.59
50.70	26.70	21.80	35.90	2.00	50.57
50.80	26.90	21.80	35.30	2.00	50.47
50.90	26.90	21.80	35.50	2.40	50.45
51.00	26.80	21.70	35.80	2.00	50.39
51.10	26.80	21.80	35.30	1.90	50.32
51.20	26.80	21.80	35.30	1.90	50.31
51.30	26.80	21.80	36.10	1.90	50.28
51.40	26.80	21.80	35.90	2.40	50.14
51.50	26.90	21.80	35.90	2.20	50.21
51.60	26.90	21.80	36.10	2.40	50.15
51.70	26.80	21.80	36.20	2.40	49.99
51.80	26.80	21.80	36.10	2.20	50.01
51.90	26.80	21.60	36.80	2.50	49.95
52.00	26.80	21.70	36.50	1.70	49.87
52.10	26.80	21.80	36.50	1.70	49.85
52.20	26.80	21.80	37.00	2.40	49.80
52.30	26.80	21.80	37.20	2.00	49.72
52.40	26.70	21.80	37.20	2.00	49.75
52.50	26.70	21.80	37.00	2.40	49.67
52.60	26.70	21.70	36.80	2.20	49.66
52.70	26.80	21.70	37.30	2.70	49.59
52.80	26.80	21.70	37.50	2.20	49.56
52.90	26.70	21.80	37.30	2.20	49.56
53.00	26.70	21.80	37.60	2.50	49.48
53.10	26.80	21.70	37.90	2.40	49.43
53.20	26.80	21.70	37.80	2.70	49.42
53.30	26.80	21.70	38.40	2.00	49.41
53.40	26.80	21.80	37.80	2.00	49.36
53.50	26.80	21.80	38.10	2.20	49.34
53.60	26.80	21.70	38.40	2.00	49.27
53.70	27.00	21.90	38.50	1.90	49.25
53.80	27.00	21.90	38.80	2.40	49.25
53.90	26.80	21.80	38.80	2.40	50.31
54.00	26.90	21.90	39.00	2.20	50.77
54.10	26.70	21.80	38.80	2.20	50.88
54.20	26.70	21.80	39.00	2.20	50.77
54.30	26.80	21.80	38.50	2.20	50.75
54.40	26.80	21.80	39.00	2.50	50.72
54.50	26.80	21.80	39.20	2.20	50.68
54.60	26.90	21.80	39.30	2.40	50.63
54.70	26.90	21.80	39.20	2.00	50.59
54.80	26.90	21.90	39.20	2.00	50.53
54.90	26.80	21.70	39.80	2.20	50.44
55.00	26.80	21.70	39.60	2.40	50.44
55.10	26.80	21.80	39.60	2.20	50.39
55.20	26.80	21.80	39.80	2.20	50.26
55.30	26.70	21.80	40.20	2.20	50.20
55.40	26.90	21.90	39.90	2.20	50.18
55.50	26.90	21.90	40.40	2.50	50.14
55.60	26.90	21.80	40.40	2.50	50.10
55.70	26.80	21.70	41.00	1.10	44.19
55.80	26.80	21.80	40.40	2.40	44.15
55.90	26.80	21.80	40.50	2.20	44.14
56.00	26.60	21.80	39.60	1.90	45.87
56.10	26.60	21.80	39.90	2.40	50.47
56.20	26.60	21.80	40.50	2.00	47.48
56.30	26.50	21.80	40.10	2.70	49.73
56.40	26.50	21.80	40.40	1.60	47.34
56.50	26.50	21.90	40.40	1.60	45.21
56.60	26.50	21.90	40.50	3.10	34.44
56.70	26.50	21.90	40.80	2.00	16.06
56.80	26.30	21.90	40.20	2.20	11.56
56.90	26.20	21.80	40.10	2.40	8.96
57.00	26.20	21.80	39.90	2.20	7.09
57.10	26.00	21.80	40.10	1.10	5.80
57.20	26.00	21.80	40.70	2.00	4.83
57.30	26.10	22.00	40.20	2.20	4.11
57.40	26.10	21.90	40.20	2.20	3.56
57.50	26.10	21.90	40.20	1.90	3.13
57.60	25.90	21.80	40.10	2.40	2.72
57.70	25.70	21.80	40.10	2.40	2.47
57.80	25.80	21.90	39.50	2.40	2.19
57.90	25.80	21.90	39.80	2.20	1.89
58.00	25.70	21.80	39.90	1.90	1.69
58.10	25.70	21.80	39.00	2.40	1.53
58.20	25.70	21.80	39.80	2.80	1.37
58.30	25.70	21.90	39.80	2.80	1.26
58.40	25.70	21.90	39.80	1.90	1.17
58.50	25.60	22.00	39.60	2.00	1.05
58.60	25.50	21.70	39.80	1.60	0.96
58.70	25.50	21.70	40.10	2.20	0.84
58.80	25.50	21.80	39.80	2.20	0.83
58.90	25.50	21.80	40.10	2.20	0.78
59.00	25.40	21.80	39.90	2.00	0.71
59.10	25.40	21.90	39.80	1.70	0.64
59.20	25.40	21.80	39.80	1.70	0.66
59.30	25.40	21.80	39.80	2.20	0.59
59.40	25.40	21.80	39.60	2.20	0.51
59.50	25.40	21.80	39.80	2.00	0.51
59.60	25.40	21.80	40.70	1.40	0.46
59.70	25.20	21.80	39.50	2.20	0.44
59.80	25.30	21.80	39.60	1.90	0.37
59.90	25.30	21.80	39.90	2.20	0.37
60.00	25.20	21.80	39.90	2.20	0.34
60.10	25.20	21.80	39.90	2.00	0.32
60.20	25.20	21.80	39.90	2.20	0.32
60.30	25.20	21.90	40.10	2.20	0.32
60.40	25.20	21.90	39.90	2.70	0.32
60.50	25.10	21.80	39.80	2.00	0.27
60.60	25.20	21.90	40.10	1.70	0.27
60.70	25.20	21.90	39.30	2.40	0.25
60.80	25.20	21.80	40.20	2.00	0.27
60.90	25.30	22.00	40.20	2.00	0.27
61.00	25.30	22.00	39.90	2.00	0.20
61.10	25.20	22.00	39.90	2.00	0.20
61.20	25.10	21.70	40.10	2.40	0.25
61.30	25.10	21.70	39.60	1.90	0.25
61.40	25.10	21.80	39.90	2.20	0.18
61.50	25.10	21.80	39.60	2.00	0.20
61.60	25.10	21.90	39.50	1.70	0.20
61.70	25.10	21.90	40.40	2.50	0.14
61.80	25.10	21.90	40.40	2.50	0.15
61.90	25.00	21.90	39.80	2.20	0.20
62.00	25.00	21.90	40.40	2.20	0.14
62.10	25.00	21.80	39.50	2.40	0.18
62.20	25.00	21.80	39.60	1.90	0.18
62.30	25.00	21.80	39.60	2.20	0.18
62.40	25.10	22.00	40.10	2.50	0.20
62.50	25.10	22.00	39.80	2.20	0.15
62.60	25.00	21.80	39.90	2.00	0.18
62.70	25.10	22.00	39.90	2.00	0.15
62.80	25.10	22.00	39.50	2.20	0.12
62.90	25.00	21.80	40.50	1.40	0.12
63.00	25.00	21.80	40.10	2.00	0.12
63.10	25.00	21.80	40.20	2.00	0.12
63.20	25.00	21.90	40.10	2.70	0.12
63.30	24.80	21.90	39.90	1.90	0.12
63.40	24.80	21.90	39.80	3.40	0.15
63.50	24.90	21.90	39.90	1.70	0.12
63.60	24.90	21.80	39.90	1.70	0.12
63.70	24.80	21.80	40.40	1.90	0.14
63.80	24.80	21.80	39.20	2.50	0.12
63.90	24.90	21.80	39.30	2.50	0.14
64.00	24.80	21.90	39.60	1.90	0.14
64.10	24.80	21.90	39.60	2.00	0.15
64.20	24.80	21.80	39.80	2.40	0.12
64.30	24.80	22.00	39.50	2.00	0.09
64.40	24.80	22.00	39.60	2.20	0.12
64.50	24.70	21.90	40.10	1.70	0.14
64.60	25.00	21.90	39.80	2.40	0.12
64.70	25.00	21.90	39.50	2.00	0.15
64.80	24.90	21.90	39.30	2.50	0.12
64.90	24.90	21.90	39.60	2.40	0.09
65.00	24.80	21.90	39.80	2.40	0.15
65.10	24.70	21.80	39.20	2.40	0.09
65.20	24.70	21.80	40.10	2.00	0.15
65.30	24.70	22.00	40.10	2.00	0.15
65.40	24.80	21.90	39.80	2.00	0.09
65.50	24.80	21.90	40.10	1.90	0.12
65.60	24.80	21.90	39.50	2.20	0.12
65.70	24.80	21.90	39.90	2.00	0.12
65.80	24.70	21.80	39.50	1.90	0.12
65.90	24.50	21.80	40.10	2.20	0.14
66.00	24.50	21.80	39.80	2.00	0.12
66.10	24.70	21.80	39.60	2.20	0.12
66.20	24.70	22.00	39.60	2.20	0.12
66.30	24.70	22.00	39.60	2.00	0.12
66.40	24.80	21.90	39.30	2.00	0.12
66.50	24.70	21.90	39.90	2.00	0.15
66.60	24.70	21.90	39.90	2.20	0.12
66.70	24.50	21.90	39.60	2.00	0.12
66.80	24.60	21.80	39.30	1.30	0.12
66.90	24.60	21.80	39.20	2.00	0.14
67.00	24.50	21.80	39.50	2.00	0.12
67.10	24.60	21.90	39.50	2.00	0.09
67.20	24.60	21.90	39.60	2.20	0.12
67.30	24.70	21.80	39.80	1.90	0.14
67.40	24.60	21.80	39.90	2.50	0.12
67.50	24.60	21.80	39.80	2.40	0.12
67.60	24.60	22.00	39.90	2.00	0.12
67.70	24.80	22.00	39.60	2.00	0.12
67.80	24.80	22.00	39.80	2.20	0.14
67.90	24.70	21.90	39.60	1.90	0.12
68.00	24.60	22.00	39.60	1.90	0.09
68.10	24.60	22.00	39.60	2.00	0.12
68.20	24.60	21.90	39.60	2.00	0.14
68.30	24.60	21.90	40.10	2.80	0.14
68.40	24.50	21.80	39.60	2.00	0.15
68.50	24.50	21.80	39.60	1.70	0.12
68.60	24.50	21.80	39.80	2.00	0.12
68.70	24.50	21.90	39.80	2.20	0.15
68.80	24.50	21.90	40.10	1.90	0.18
68.90	24.60	21.90	39.60	3.10	0.14
69.00	24.60	22.00	39.80	2.00	0.12
69.10	24.60	22.00	40.10	2.50	0.14
69.20	24.50	22.00	39.80	2.50	0.12
69.30	24.50	22.00	39.60	2.00	0.15
69.40	24.60	21.90	40.40	1.90	0.14
69.50	24.50	21.80	39.80	2.00	0.12
69.60	24.50	21.80	39.60	2.00	0.14
69.70	24.50	21.90	39.50	2.00	0.14
69.80	24.40	22.00	39.50	2.00	0.15
69.90	24.40	22.00	40.10	1.90	0.09
70.00	24.50	21.90	40.10	2.20	0.09
70.10	24.50	21.90	39.60	1.90	0.12
70.20	24.50	21.90	39.30	2.20	0.14
70.30	24.50	21.90	39.80	2.20	0.15
70.40	24.40	21.90	39.60	2.40	0.14
70.50	24.40	21.90	39.50	1.90	0.15
70.60	24.30	21.80	39.20	2.00	0.12
70.70	24.40	21.90	39.20	2.00	0.12
70.80	24.40	21.90	39.80	2.40	0.14
70.90	24.40	21.90	39.90	2.00	0.12
71.00	24.40	21.90	39.60	2.20	0.12
71.10	24.40	21.90	39.80	1.90	0.12
71.20	24.40	21.90	40.10	2.00	0.12
71.30	24.40	21.90	39.80	2.00	0.12
71.40	24.40	21.90	39.20	2.00	0.12
71.50	24.30	22.00	39.30	2.40	0.09
71.60	24.40	21.90	39.30	2.40	0.12
71.70	24.40	21.90	39.60	2.20	0.09
71.80	24.20	21.90	39.60	2.20	0.12
71.90	24.30	21.90	39.80	2.00	0.14
72.00	24.30	21.90	39.50	1.90	0.12
72.10	24.40	21.90	39.80	2.00	0.12
72.20	24.30	21.90	39.60	2.00	0.14
72.30	24.30	21.90	39.80	2.70	0.14
72.40	24.20	21.70	39.80	2.20	0.15
72.50	24.20	21.70	40.40	1.70	0.18
72.60	24.30	22.00	40.10	2.50	0.15
72.70	24.30	21.90	39.80	1.70	0.12
72.80	24.30	21.90	39.50	2.20	0.12
72.90	24.30	21.90	39.90	2.70	0.09
73.00	24.30	21.90	40.10	2.50	0.15
73.10	24.30	21.90	39.50	2.00	0.12
73.20	24.20	21.90	39.90	2.00	0.12
73.30	24.20	21.90	39.80	2.20	0.09
73.40	24.20	21.90	39.80	2.00	0.09
73.50	24.20	21.90	39.80	2.00	0.12
73.60	24.20	21.80	39.00	1.90	0.09
73.70	24.20	21.80	39.90	2.70	0.09
73.80	24.20	21.80	39.50	2.20	0.09
73.90	24.20	21.80	39.30	2.40	0.12
74.00	24.30	21.90	39.30	2.40	0.12
74.10	24.30	21.80	39.60	2.20	0.12
74.20	24.30	21.80	39.60	2.40	0.09
74.30	24.20	21.90	39.80	1.70	0.12
74.40	24.30	21.90	39.90	1.90	0.09
74.50	24.30	21.90	40.20	2.20	0.09
74.60	24.30	21.90	38.80	2.20	0.09
74.70	24.30	21.90	39.80	2.40	0.09
74.80	24.10	21.80	40.20	2.20	0.12
74.90	24.30	22.00	40.10	2.40	0.07
75.00	24.30	22.00	41.00	1.70	0.09
75.10	24.20	21.80	41.00	1.70	0.12
75.20	24.20	21.90	39.90	2.20	0.12
75.30	24.20	21.90	39.60	1.90	0.12
75.40	24.20	21.90	40.10	2.40	0.12
75.50	24.10	21.90	39.60	2.40	0.12
75.60	24.10	21.90	39.60	2.20	0.09
75.70	24.20	21.90	39.60	2.20	0.14
75.80	24.20	21.90	39.50	2.20	0.14
75.90	24.20	21.90	39.80	2.70	0.07
76.00	24.10	21.90	39.80	2.70	0.12
76.10	24.10	21.90	39.50	2.20	0.14
76.20	24.20	21.90	39.20	1.90	0.14
76.30	24.20	21.90	39.90	2.20	0.12
76.40	24.10	21.90	39.90	2.20	0.15
76.50	24.10	21.90	39.80	2.20	0.12
76.60	24.10	21.80	39.50	2.40	0.09
76.70	24.10	21.90	39.80	2.40	0.14
76.80	24.10	21.90	39.90	2.80	0.12
76.90	24.20	22.00	39.90	2.80	0.12
77.00	24.10	21.90	39.60	2.00	0.05
77.10	24.20	21.90	39.80	2.00	0.12
77.20	24.20	21.90	39.90	1.90	0.09
77.30	24.10	21.80	39.80	2.00	0.12
77.40	24.20	22.00	38.20	2.50	0.12
77.50	24.20	22.00	39.30	2.00	0.12
77.60	24.20	21.90	39.50	2.00	0.12
77.70	24.10	21.90	39.20	2.20	0.12
77.80	24.10	21.90	39.20	2.20	0.12
77.90	24.00	22.00	39.60	2.40	0.07
78.00	24.30	22.00	39.50	2.40	0.09
78.10	24.30	22.00	39.50	2.00	0.09
78.20	24.10	21.90	39.30	2.20	0.09
78.30	24.00	21.90	39.30	1.70	0.09
78.40	24.00	21.90	39.30	2.00	0.09
78.50	24.00	22.00	40.20	2.00	0.09
78.60	24.10	21.90	39.60	2.40	0.12
78.70	24.10	21.90	39.60	2.40	0.12
78.80	24.10	21.90	39.50	2.40	0.12
78.90	24.10	22.00	39.90	2.20	0.07
79.00	24.10	22.00	39.50	2.40	0.05
79.10	24.10	21.90	39.80	1.10	0.09
79.20	24.10	21.90	39.80	1.90	0.09
79.30	24.00	22.00	39.90	2.00	0.12
79.40	23.90	21.90	40.10	2.50	0.09
79.50	23.90	21.90	39.90	2.20	0.09
79.60	24.00	21.80	39.90	2.20	0.07
79.70	24.00	21.80	39.80	2.00	0.15
79.80	24.00	21.80	40.50	1.70	0.07
79.90	24.00	22.00	39.50	1.70	0.12
80.00	24.00	21.90	39.90	2.70	0.09
80.10	24.00	21.90	39.60	2.20	0.09
80.20	24.00	21.90	39.60	2.40	0.09
80.30	24.00	21.90	40.20	1.90	0.09
80.40	24.00	21.90	40.20	2.80	0.09
80.50	24.10	22.00	40.10	3.30	0.09
80.60	23.90	21.90	39.90	2.40	0.12
80.70	23.90	21.90	40.20	2.00	0.09
80.80	23.90	21.90	39.60	2.20	0.09
80.90	24.00	21.90	39.60	2.20	0.12
81.00	24.00	21.90	39.80	2.20	0.12
81.10	24.10	21.90	40.10	1.90	0.09
81.20	24.00	21.90	39.60	2.00	0.12
81.30	24.00	21.90	39.80	2.40	0.09
81.40	23.90	21.90	39.80	2.40	0.09
81.50	24.00	21.90	39.60	2.40	0.07
81.60	24.00	21.90	39.60	0.00	0.09
81.70	24.00	22.00	39.50	2.00	0.09
81.80	23.90	21.90	39.50	1.90	0.09
81.90	23.90	21.90	40.10	2.00	0.09
82.00	24.10	22.00	39.80	2.40	0.05
82.10	24.00	21.90	39.20	1.90	0.12
82.20	24.00	21.90	39.60	2.00	0.09
82.30	24.00	21.90	39.60	2.00	0.14
82.40	24.00	21.90	39.80	2.20	0.09
82.50	24.00	21.90	39.80	2.70	0.09
82.60	23.70	21.80	39.90	2.50	0.09
82.70	23.70	21.80	39.50	2.00	0.09
82.80	24.00	21.90	39.30	2.00	0.07
82.90	24.00	22.00	39.30	2.40	0.09
83.00	24.00	22.00	39.80	2.70	0.09
83.10	24.00	22.00	39.80	2.70	0.12
83.20	23.90	21.90	39.60	1.90	0.12
83.30	23.90	21.90	39.80	2.40	0.09
83.40	23.90	22.00	40.10	2.40	0.09
83.50	23.90	22.00	39.60	2.00	0.12
83.60	24.00	21.90	39.60	2.20	0.09
83.70	24.10	22.10	39.60	1.70	0.09
83.80	24.10	22.10	39.60	2.00	0.09
83.90	23.90	21.90	39.80	2.00	0.09
84.00	23.80	21.90	39.80	2.00	0.09
84.10	23.80	21.90	39.80	2.00	0.09
84.20	24.00	22.00	39.50	2.00	0.09
84.30	23.90	21.90	39.90	2.00	0.09
84.40	23.90	21.90	39.90	2.50	0.07
84.50	23.90	21.90	39.50	2.20	0.12
84.60	23.80	21.90	39.60	2.40	0.09
84.70	23.80	21.90	39.50	2.20	0.09
84.80	23.90	21.90	40.20	2.00	0.09
84.90	23.90	22.00	40.20	2.00	0.09
85.00	23.90	22.00	39.50	1.90	0.12
85.10	24.00	22.00	39.90	2.20	0.05
85.20	23.80	21.90	39.90	2.00	0.09
85.30	23.90	22.00	40.10	2.40	0.07
85.40	23.90	22.00	39.80	2.70	0.07
85.50	24.00	21.90	39.90	2.00	0.09
85.60	24.00	21.90	39.80	2.20	0.12
85.70	23.80	21.80	39.60	2.40	0.09
85.80	23.80	21.90	39.60	2.40	0.07
85.90	23.80	21.90	39.20	2.50	0.05
86.00	23.90	21.90	40.10	2.20	0.07
86.10	23.80	22.00	39.30	2.20	0.07
86.20	23.80	21.90	39.60	1.90	0.09
86.30	23.80	21.90	39.30	1.90	0.09
86.40	23.90	21.90	39.60	1.70	0.09
86.50	23.90	21.90	39.30	1.90	0.12
86.60	23.60	21.80	39.30	2.00	0.07
86.70	23.70	21.80	39.30	2.00	0.09
86.80	23.70	21.80	39.60	2.20	0.09
86.90	23.80	21.90	39.90	2.00	0.09
87.00	24.00	22.00	39.60	2.40	0.09
87.10	23.70	22.00	39.80	0.00	0.05
87.20	23.70	22.00	39.80	2.00	0.09
87.30	23.80	22.00	39.80	2.40	0.09
87.40	23.90	22.00	39.90	2.20	0.05
87.50	23.90	22.00	39.80	1.90	0.09
87.60	23.90	22.10	39.80	1.90	0.07
87.70	23.80	21.90	40.10	2.50	0.05
87.80	23.80	21.90	39.50	2.00	0.09
87.90	23.90	22.00	39.50	2.00	0.05
88.00	23.80	21.90	39.50	2.50	0.09
88.10	23.80	21.90	39.60	3.00	0.09
88.20	23.80	22.00	39.80	2.40	0.05
88.30	23.90	22.00	39.80	2.20	0.09
88.40	23.90	22.00	39.60	2.40	0.14
88.50	23.90	21.90	39.60	2.40	0.09
88.60	23.80	22.00	39.90	3.10	0.07
88.70	23.80	22.00	39.60	2.00	0.12
88.80	23.80	21.80	39.30	1.90	0.12
88.90	23.80	22.00	39.90	2.20	0.09
89.00	23.80	22.00	39.30	2.50	0.07
89.10	23.90	22.00	39.60	1.90	0.09
89.20	23.80	21.90	39.80	2.20	0.09
89.30	23.80	21.90	39.50	2.00	0.12
89.40	23.70	21.90	39.00	2.40	0.05
89.50	23.90	22.00	39.50	2.20	0.09
89.60	23.90	22.00	39.90	2.20	0.14
89.70	23.80	21.90	39.50	2.40	0.14
89.80	23.80	21.90	39.60	2.20	0.09
89.90	24.00	22.20	39.90	0.80	0.09
90.00	23.70	22.00	40.20	1.90	0.14
90.10	23.70	22.00	40.10	2.20	0.07
90.20	23.80	22.00	39.30	2.20	0.09
90.30	23.80	22.00	39.30	2.20	0.12
90.40	23.80	21.90	39.80	2.40	0.12
90.50	23.70	21.90	40.10	2.50	0.09
90.60	23.70	21.90	39.90	2.40	0.12
90.70	23.80	22.00	40.40	3.30	0.12
90.80	23.70	21.80	39.80	2.00	0.15
90.90	23.70	21.80	40.50	1.90	0.12
91.00	23.70	22.00	39.80	2.00	0.09
91.10	23.70	22.00	39.90	2.20	0.09
91.20	23.70	22.00	39.90	2.20	0.12
91.30	23.80	21.90	39.80	2.00	0.09
91.40	23.80	22.00	39.60	2.40	0.09
91.50	23.80	22.00	39.60	1.90	0.09
91.60	23.80	21.90	39.20	1.70	0.12
91.70	23.70	21.80	39.90	2.00	0.12
91.80	23.70	21.80	40.10	1.90	0.09
91.90	23.80	22.00	39.80	2.40	0.12
92.00	23.70	22.00	39.80	2.40	0.15
92.10	23.70	22.00	39.90	2.00	0.09
92.20	23.60	21.90	39.80	2.40	0.07
92.30	23.60	22.00	39.80	2.20	0.09
92.40	23.60	22.00	39.90	2.50	0.12
92.50	23.80	22.00	40.10	1.90	0.14
92.60	23.70	22.00	39.80	2.40	0.09
92.70	23.70	22.00	39.80	1.90	0.05
92.80	23.70	21.80	39.60	2.00	0.12
92.90	23.70	21.90	39.60	2.00	0.09
93.00	23.70	21.90	39.60	2.20	0.09
93.10	23.60	22.00	39.80	1.70	0.12
93.20	23.70	22.00	39.90	2.20	0.09
93.30	23.70	22.00	39.80	2.00	0.09
93.40	23.80	22.00	40.10	2.00	0.05
93.50	23.70	21.90	39.30	2.20	0.09
93.60	23.70	21.90	39.30	2.00	0.09
93.70	23.60	22.00	39.90	2.20	0.05
93.80	23.70	21.90	39.90	2.20	0.09
93.90	23.70	21.90	39.20	2.00	0.12
94.00	23.80	22.00	39.60	2.20	0.09
94.10	23.70	21.90	40.10	2.00	0.07
94.20	23.70	21.90	39.90	2.20	0.09
94.30	23.80	21.90	39.50	2.70	0.09
94.40	23.70	21.90	39.90	2.50	0.09
94.50	23.70	21.90	40.50	1.90	0.05
94.60	23.60	22.10	39.30	1.90	0.09
94.70	23.70	22.10	39.30	1.90	0.12
94.80	23.70	22.10	39.80	2.20	0.05
94.90	23.60	21.90	40.10	1.70	0.09
95.00	23.70	22.00	39.80	0.80	0.07
95.10	23.70	22.00	39.80	2.20	0.05
95.20	23.80	22.00	39.60	2.40	0.09
95.30	23.60	21.90	39.80	2.20	0.05
95.40	23.60	21.90	39.60	2.00	0.09
95.50	23.60	21.90	39.60	2.40	0.05
95.60	23.60	22.00	39.60	2.40	0.09
95.70	23.60	22.00	39.50	2.50	0.09
95.80	23.70	21.90	39.80	2.20	0.09
95.90	23.80	22.00	39.90	2.20	0.09
96.00	23.80	22.00	39.80	2.20	0.05
96.10	23.60	21.90	39.50	2.20	0.05
96.20	23.70	21.90	39.90	1.70	0.09
96.30	23.70	21.90	39.60	2.40	0.09
96.40	23.70	22.10	39.80	2.20	0.07
96.50	23.60	21.80	39.80	2.20	0.07
96.60	23.60	21.80	40.20	2.20	0.09
96.70	23.70	21.90	37.90	2.00	0.09
96.80	23.70	21.90	40.10	2.00	0.12
96.90	23.70	22.00	39.80	3.30	0.09
97.00	23.60	22.00	39.60	2.40	0.07
97.10	23.60	22.00	40.10	2.50	0.09
97.20	23.70	22.00	39.60	1.90	0.09
97.30	23.70	22.00	40.20	2.00	0.12
97.40	23.70	22.00	40.20	2.00	0.09
97.50	23.70	22.00	39.50	2.40	0.07
97.60	23.60	22.00	39.50	2.50	0.09
97.70	23.60	22.00	39.00	2.40	0.12
97.80	23.60	21.90	39.60	1.90	0.12
97.90	23.60	22.00	39.80	2.20	0.09
98.00	23.60	22.00	39.80	2.00	0.07
98.10	23.60	22.00	39.80	2.40	0.12
98.20	23.60	21.90	39.80	2.20	0.14
98.30	23.60	22.00	39.80	2.20	0.12
98.40	23.60	22.00	39.80	2.50	0.05
98.50	23.60	21.90	39.60	2.40	0.09
98.60	23.60	21.90	39.60	2.20	0.09
98.70	23.50	22.00	39.60	1.90	0.07
98.80	23.50	21.90	39.50	1.90	0.09
98.90	23.50	21.90	41.00	2.00	0.09
99.00	23.60	22.00	39.50	2.20	0.14
99.10	23.50	22.00	39.80	2.50	0.07
99.20	23.50	22.00	39.80	2.50	0.09
99.30	23.50	21.90	39.80	1.90	0.07
99.40	23.70	21.90	39.50	1.90	0.09
99.50	23.70	21.90	39.90	2.50	0.09
99.60	23.70	22.10	39.80	1.90	0.09
99.70	23.50	21.90	39.60	2.00	0.12
99.80	23.50	21.90	39.60	1.90	0.09
99.90	23.60	22.00	39.50	2.00	0.02
100.00	23.60	22.00	39.80	2.50	0.05
100.10	23.60	22.00	39.80	2.50	0.09
100.20	23.60	22.00	39.80	2.00	0.09
100.30	23.60	22.00	39.60	2.00	0.05
100.40	23.70	22.10	39.60	2.50	0.09
100.50	23.70	22.10	39.50	2.20	0.09
100.60	23.40	21.90	39.60	1.70	0.07
100.70	23.50	21.90	39.60	2.20	0.09
100.80	23.50	21.90	40.10	2.20	0.09
100.90	23.50	22.00	39.90	2.20	0.12
101.00	23.50	22.00	40.10	2.50	0.05
101.10	23.70	22.00	40.20	2.00	0.09
101.20	23.60	22.00	40.20	2.20	0.09
101.30	23.60	22.00	39.60	2.00	0.07
101.40	23.50	22.00	39.90	2.00	0.07
101.50	23.60	22.00	39.80	1.70	0.09
101.60	23.60	22.00	39.90	2.40	0.12
101.70	23.50	22.10	39.60	2.20	0.09
101.80	23.70	22.00	39.60	2.20	0.07
101.90	23.70	22.00	39.50	2.40	0.05
102.00	23.60	21.90	39.50	2.20	0.07
102.10	23.60	22.00	39.90	2.70	0.12
102.20	23.60	22.00	39.50	1.70	0.09
102.30	23.70	22.00	38.50	2.20	0.09
102.40	23.50	22.10	40.80	1.70	0.12
102.50	23.50	22.10	39.50	2.20	0.12
102.60	23.50	22.00	40.10	2.20	0.09
102.70	23.60	21.90	40.10	2.20	0.12
102.80	23.60	21.90	39.90	2.20	0.07
102.90	23.60	22.10	39.90	1.90	0.09
103.00	23.60	22.10	40.10	2.50	0.07
103.10	23.50	22.00	39.50	2.50	0.07
103.20	23.60	22.00	40.10	2.40	0.09
103.30	23.60	22.00	39.90	2.20	0.09
103.40	23.50	22.10	39.80	2.20	0.05
103.50	23.50	22.00	39.90	1.90	0.12
103.60	23.50	22.00	39.90	1.90	0.09
103.70	23.50	22.00	39.60	2.40	0.09
103.80	23.50	22.00	39.80	1.70	0.09
103.90	23.60	22.00	39.60	2.40	0.12
104.00	23.60	22.00	39.60	1.90	0.09
104.10	23.40	21.80	39.60	2.00	0.12
104.20	23.40	21.80	39.30	1.70	0.09
104.30	23.40	21.80	39.60	2.40	0.09
104.40	23.60	21.90	39.90	2.40	0.09
104.50	23.60	21.90	39.60	2.20	0.09
104.60	23.50	21.90	39.60	2.20	0.09
104.70	23.70	22.00	37.90	2.20	0.05
104.80	23.70	22.00	39.30	2.20	-0.02
104.90	23.50	22.00	39.80	2.20	0.05
105.00	23.60	21.90	39.30	2.40	0.05
105.10	23.60	22.00	39.80	2.50	0.05
105.20	23.60	22.00	39.80	2.20	0.07
105.30	23.60	21.90	39.90	3.30	0.05
105.40	23.60	22.00	39.90	3.30	0.05
105.50	23.60	22.00	39.60	2.20	0.07
105.60	23.70	22.00	39.30	2.40	0.05
105.70	23.50	21.90	39.50	2.20	0.09
105.80	23.50	21.90	39.90	2.00	0.00
105.90	23.50	22.00	39.60	2.20	0.07
106.00	23.50	21.80	39.90	2.40	0.09
106.10	23.50	21.80	39.60	2.40	0.12
106.20	23.60	22.10	39.60	2.40	0.09
106.30	23.60	22.10	39.50	2.00	0.05
106.40	23.60	22.10	39.80	1.90	0.02
106.50	23.50	22.00	39.30	2.40	0.07
106.60	23.50	22.00	39.90	2.20	0.07
106.70	23.50	22.00	39.80	1.90	0.05
106.80	23.50	22.00	39.80	2.00	0.07
106.90	23.40	22.00	39.60	1.70	0.05
107.00	23.40	22.00	39.90	1.90	0.09
107.10	23.50	21.90	39.90	1.90	0.07
107.20	23.50	22.00	39.50	1.90	0.09
107.30	23.50	21.90	39.80	2.00	0.09
107.40	23.50	21.90	39.60	2.20	0.09
107.50	23.40	21.90	39.90	2.00	0.09
107.60	23.50	22.00	39.60	2.20	0.05
107.70	23.50	22.00	39.80	2.00	0.12
107.80	23.50	22.10	40.20	1.30	0.07
107.90	23.50	22.10	39.60	2.00	0.09
108.00	23.50	22.10	39.60	2.00	0.09
108.10	23.50	22.00	39.50	2.40	0.12
108.20	23.30	21.80	39.30	2.00	0.09
108.30	23.30	21.80	38.70	2.00	0.12
108.40	23.40	22.00	39.80	2.20	0.12
108.50	23.60	22.00	39.60	1.70	0.07
108.60	23.60	22.00	39.30	1.90	0.07
108.70	23.70	22.00	39.60	2.20	0.05
108.80	23.60	22.10	39.80	2.00	0.09
108.90	23.60	22.10	39.80	2.00	0.09
109.00	23.60	22.10	39.80	2.00	0.12
109.10	23.50	22.00	39.80	2.50	0.12
109.20	23.50	22.00	39.90	2.00	0.12
109.30	23.70	22.00	39.60	2.20	0.07
109.40	23.60	22.10	39.90	2.20	0.12
109.50	23.60	22.10	39.60	2.20	0.12
109.60	23.40	21.90	39.80	2.20	0.09
109.70	23.40	21.90	39.60	2.20	0.07
109.80	23.40	21.90	39.60	2.20	0.12
109.90	23.50	22.00	39.30	2.20	0.05
110.00	23.60	21.90	39.60	1.70	0.07
110.10	23.60	21.90	39.90	2.20	0.09
110.20	23.50	22.10	39.60	2.40	0.12
110.30	23.50	22.00	39.80	1.30	0.09
110.40	23.50	22.00	39.60	2.50	0.09
110.50	23.40	22.00	39.60	1.90	0.09
110.60	23.50	22.00	39.30	2.40	0.09
110.70	23.50	22.00	39.30	2.40	0.09
110.80	23.40	22.00	39.50	2.40	0.12
110.90	23.60	21.90	39.60	2.50	0.07
111.00	23.60	22.00	39.80	2.20	0.09
111.10	23.60	22.00	39.60	2.70	0.05
111.20	23.40	21.90	39.60	2.40	0.09
111.30	23.50	21.90	39.80	2.20	0.07
111.40	23.50	21.90	39.50	2.00	0.09
111.50	23.50	21.90	39.50	2.00	0.07
111.60	23.50	21.90	39.90	2.40	0.07
111.70	23.50	22.10	39.60	2.40	0.09
111.80	23.50	22.00	39.60	1.90	0.05
111.90	23.50	22.00	39.90	1.90	0.07
112.00	23.60	22.00	39.90	2.00	0.09
112.10	23.50	22.00	39.50	2.00	0.05
112.20	23.50	22.00	39.90	2.50	0.09
112.30	23.40	22.00	39.60	-0.10	0.12
112.40	23.50	21.90	39.60	-0.10	0.05
112.50	23.50	21.90	39.50	2.40	0.07
112.60	23.40	22.00	39.30	2.40	0.12
112.70	23.40	22.00	39.00	2.40	0.12
112.80	23.60	22.10	39.20	2.20	0.12
112.90	23.40	21.90	39.60	1.70	0.09
113.00	23.40	21.90	39.80	2.50	0.12
113.10	23.50	22.00	39.50	2.70	0.09
113.20	23.50	22.00	39.80	2.70	0.07
113.30	23.40	22.00	39.80	2.70	0.05
113.40	23.40	22.00	39.60	2.00	0.07
113.50	23.50	22.00	39.60	2.00	0.07
113.60	23.50	22.00	39.80	2.00	0.09
113.70	23.50	22.00	39.50	2.20	0.12
113.80	23.50	22.10	39.60	2.50	0.07
113.90	23.50	22.10	39.20	2.20	0.05
114.00	23.50	22.00	40.10	2.00	0.09
114.10	23.50	22.00	39.80	2.00	0.07
114.20	23.50	22.00	39.80	2.00	0.07
114.30	23.50	22.00	40.20	2.40	0.05
114.40	23.50	22.00	39.80	2.40	0.09
114.50	23.60	22.10	39.80	1.90	0.09
114.60	23.50	22.00	39.90	2.00	0.05
114.70	23.50	22.00	39.60	2.70	0.09
114.80	23.40	22.10	40.50	1.60	0.07
114.90	23.40	21.90	40.10	2.00	0.09
115.00	23.40	21.90	39.80	2.00	0.09
115.10	23.60	22.10	39.80	2.00	0.07
115.20	23.50	22.00	39.80	2.00	0.00
115.30	23.50	22.00	39.60	2.00	0.09
115.40	23.50	22.00	39.60	2.00	0.09
115.50	23.50	22.00	39.80	1.90	0.05
115.60	23.50	22.00	39.80	2.20	0.07
115.70	23.70	22.10	39.20	2.20	0.07
115.80	23.50	22.10	40.10	2.20	0.07
115.90	23.50	22.10	39.50	2.20	0.05
116.00	23.60	22.10	39.60	2.40	0.07
116.10	23.40	21.90	39.60	2.00	0.02
116.20	23.40	21.90	39.60	2.50	0.09
116.30	23.40	21.90	39.50	2.40	0.09
116.40	23.40	21.90	39.50	2.00	0.07
116.50	23.50	22.00	39.60	2.20	0.05
116.60	23.50	22.00	39.90	2.20	0.07
116.70	23.50	22.00	39.50	2.00	0.07
116.80	23.30	22.00	39.90	2.20	0.05
116.90	23.40	21.90	39.90	2.20	0.07
117.00	23.40	21.90	39.90	2.40	0.02
117.10	23.40	22.00	39.50	2.20	0.07
117.20	23.40	22.00	39.80	2.20	0.05
117.30	23.40	22.00	39.20	2.00	0.05
117.40	23.50	22.10	39.30	1.90	0.05
117.50	23.50	22.10	40.10	2.00	0.07
117.60	23.50	22.10	40.10	2.00	0.07
117.70	23.40	22.10	39.50	2.40	0.09
117.80	23.50	22.10	39.50	2.40	0.05
117.90	23.50	22.10	39.50	1.90	0.09
118.00	23.50	22.00	39.60	2.40	0.07
118.10	23.40	22.00	39.80	2.40	0.02
118.20	23.40	22.00	39.60	2.00	0.09
118.30	23.50	21.90	39.50	2.00	0.07
118.40	23.40	22.10	39.50	2.00	0.07
118.50	23.40	22.00	39.60	2.00	0.07
118.60	23.40	22.00	39.80	2.20	0.05
118.70	23.40	22.00	39.80	2.20	0.05
118.80	23.40	22.00	39.30	1.90	0.05
118.90	23.40	22.00	39.50	1.90	0.09
119.00	23.50	22.10	39.50	2.40	0.07
119.10	23.50	22.00	39.60	0.20	0.05
119.20	23.50	22.00	39.90	2.00	0.05
119.30	23.60	22.10	40.20	1.90	0.09
119.40	23.30	22.00	39.30	2.50	0.07
119.50	23.30	22.00	39.60	2.50	0.05
119.60	23.40	22.10	39.60	2.50	0.05
119.70	23.50	22.00	39.30	2.40	0.05
119.80	23.50	22.00	39.50	2.20	0.00
119.90	23.30	22.00	39.60	1.90	0.07
120.00	23.40	22.10	39.80	2.00	0.02
120.10	23.40	22.10	39.50	2.20	0.09
120.20	23.40	22.00	39.80	2.20	0.05
120.30	23.50	22.00	39.30	2.40	0.05
120.40	23.50	22.00	40.10	2.50	0.02
120.50	23.40	22.10	40.10	2.50	0.05
120.60	23.40	22.10	40.10	2.20	0.05
120.70	23.30	22.00	39.50	2.00	0.09
120.80	23.50	22.10	39.30	2.20	0.09
120.90	23.50	22.10	39.60	2.50	0.05
121.00	23.50	22.10	39.60	2.40	0.07
121.10	23.40	22.10	39.80	2.40	0.05
121.20	23.40	22.10	39.30	2.50	0.05
121.30	23.40	22.00	39.60	2.00	0.05
121.40	23.50	22.00	39.80	1.60	0.07
121.50	23.50	22.00	39.90	1.90	0.09
121.60	23.30	22.00	39.50	2.40	0.05
121.70	23.30	22.00	40.10	2.00	0.07
121.80	23.40	22.00	39.60	2.20	0.07
121.90	23.60	22.10	39.80	2.40	0.05
122.00	23.60	22.10	39.90	2.00	0.05
122.10	23.50	22.00	40.10	1.30	0.05
122.20	23.40	22.00	39.60	2.50	0.05
122.30	23.40	22.00	39.90	1.90	0.05
122.40	23.40	22.00	39.80	2.40	0.05
122.50	23.30	22.10	39.60	2.20	0.05
122.60	23.30	22.10	39.20	2.40	0.07
122.70	23.40	22.00	39.50	1.70	0.07
122.80	23.30	21.90	39.80	2.40	0.05
122.90	23.30	21.90	39.30	2.00	0.05
123.00	23.60	22.10	39.60	2.00	0.02
123.10	23.40	21.90	39.60	2.00	0.05
123.20	23.40	21.90	39.80	2.00	0.00
123.30	23.40	22.00	39.60	1.90	0.00
123.40	23.40	22.00	39.80	2.20	0.00
123.50	23.50	22.10	40.50	1.90	0.00
123.60	23.40	22.00	39.50	2.20	0.00
123.70	23.40	22.00	39.60	2.40	0.00
123.80	23.50	22.10	39.50	2.00	0.00
123.90	23.50	22.10	39.80	1.70	0.00
124.00	23.50	22.20	39.80	1.70	0.00
124.10	23.50	22.00	39.30	2.20	0.00
124.20	23.50	22.00	39.80	2.40	0.00
124.30	23.40	22.10	39.60	2.40	0.00
124.40	23.40	21.90	39.80	2.50	0.00
124.50	23.40	21.90	39.50	2.20	0.00
124.60	23.40	22.00	39.60	2.40	0.00
124.70	23.50	22.00	39.60	2.20	0.00
124.80	23.50	22.00	39.50	2.20	0.00
124.90	23.50	22.10	39.50	2.20	0.00
125.00	23.50	22.10	39.60	2.70	0.00
125.10	23.50	22.10	39.80	2.40	0.00
125.20	23.30	22.10	39.00	2.20	0.00
125.30	23.40	22.10	39.80	1.90	0.00
125.40	23.40	22.10	39.50	2.80	0.00
125.50	23.40	22.00	39.50	2.20	0.00
125.60	23.50	22.10	39.30	1.90	0.00
125.70	23.50	22.10	39.50	2.40	0.00
125.80	23.40	22.10	39.50	2.40	0.00
125.90	23.50	22.10	39.60	2.20	0.00
126.00	23.40	22.10	39.90	2.00	0.00
126.10	23.40	22.10	39.50	1.70	0.00
126.20	23.40	22.00	39.90	2.20	0.00
126.30	23.40	22.10	39.80	2.00	0.00
126.40	23.40	22.10	39.80	2.20	0.00
126.50	23.30	22.00	39.50	2.00	0.00
126.60	23.50	22.10	39.60	2.70	0.00
126.70	23.50	22.10	39.60	2.70	0.00
126.80	23.40	22.00	39.50	2.20	0.00
126.90	23.40	22.10	39.50	2.20	0.00
127.00	23.40	22.10	39.50	2.50	0.00
127.10	23.40	22.10	39.60	2.40	0.00
127.20	23.50	22.10	39.60	2.00	0.00
127.30	23.50	22.10	39.80	2.20	0.00
127.40	23.30	22.00	40.10	2.40	0.00
127.50	23.40	22.00	39.30	2.40	0.00
127.60	23.50	22.20	39.30	2.40	0.00
127.70	23.50	22.20	39.60	2.40	0.00
127.80	23.40	22.00	39.60	2.20	0.00
127.90	23.40	22.00	40.20	1.90	0.00
128.00	23.30	22.00	39.30	2.20	0.00
128.10	23.60	22.10	39.30	2.20	0.00
128.20	23.60	22.10	39.80	2.00	0.00
128.30	23.30	22.10	39.50	2.50	0.00
128.40	23.40	22.10	39.80	2.00	0.00
128.50	23.40	22.10	39.80	2.00	0.00
128.60	23.30	22.00	39.90	3.00	0.00
128.70	23.30	22.00	40.10	1.30	0.00
128.80	23.30	22.00	39.50	2.20	0.00
128.90	23.40	22.20	39.30	2.00	0.00
129.00	23.50	22.00	39.80	2.00	0.00
129.10	23.50	22.00	39.60	2.00	0.00
129.20	23.60	22.10	39.30	2.40	0.00
129.30	23.60	22.10	39.50	1.70	0.00
129.40	23.40	22.10	39.50	1.70	0.00
129.50	23.30	22.00	39.30	2.50	0.00
129.60	23.50	22.10	39.80	2.00	0.00
129.70	23.50	22.10	39.80	2.20	0.00
129.80	23.40	22.00	39.90	1.90	0.00
129.90	23.40	22.00	39.90	2.20	0.00
130.00	23.40	22.00	39.50	2.80	0.00
130.10	23.40	22.00	39.90	1.90	0.00
130.20	23.40	22.00	39.80	2.50	0.00
130.30	23.40	22.00	39.80	2.50	0.00
130.40	23.40	22.00	39.80	2.40	0.00
130.50	23.40	22.10	40.10	2.00	0.00
130.60	23.40	22.10	39.90	1.90	0.00
130.70	23.40	22.20	39.80	1.70	0.00
130.80	23.30	22.00	39.60	2.20	0.00
130.90	23.30	22.00	39.90	1.90	0.00
131.00	23.40	22.10	39.80	1.70	0.00
131.10	23.30	22.10	39.50	1.90	0.00
131.20	23.30	22.10	39.50	1.90	0.00
131.30	23.30	22.00	39.90	2.40	0.00
131.40	23.30	22.10	39.90	1.90	0.00
131.50	23.30	22.10	39.80	2.40	0.00
131.60	23.50	22.10	39.50	2.20	0.00
131.70	23.30	22.00	39.30	1.70	0.00
131.80	23.30	22.00	39.80	2.20	0.00
131.90	23.50	22.00	39.50	1.90	0.00
132.00	23.40	22.10	39.50	2.00	0.00
132.10	23.40	22.10	39.50	2.00	0.00
132.20	23.30	22.10	39.90	2.00	0.00
132.30	23.30	22.00	39.80	2.20	0.00
132.40	23.30	22.00	39.60	1.90	0.00
132.50	23.40	22.10	39.60	1.70	0.00
132.60	23.40	22.10	39.80	2.00	0.00
132.70	23.40	22.10	39.80	2.50	0.00
132.80	23.30	22.20	39.80	2.40	0.00
132.90	23.40	22.20	39.60	2.40	0.00
133.00	23.40	22.20	39.60	2.40	0.00
133.10	23.40	22.00	39.90	2.20	0.00
133.20	23.50	22.10	40.10	1.90	0.00
133.30	23.50	22.10	39.80	2.20	0.00
133.40	23.40	22.10	39.90	2.20	0.00
133.50	23.30	22.00	39.60	2.00	0.00
133.60	23.30	22.00	39.60	2.20	0.00
133.70	23.40	22.00	39.30	2.20	0.00
133.80	23.50	22.10	39.30	2.50	0.00
133.90	23.50	22.10	39.80	2.00	0.00
134.00	23.40	22.10	39.80	2.20	0.00
134.10	23.30	22.00	39.50	1.90	0.00
134.20	23.30	22.00	40.10	1.90	0.00
134.30	23.40	22.00	39.90	1.90	0.00
134.40	23.40	22.10	40.10	1.90	0.00
134.50	23.40	22.10	39.60	2.00	0.00
134.60	23.40	22.00	39.60	1.90	0.00
134.70	23.40	22.00	39.60	1.90	0.00
134.80	23.40	22.00	39.60	1.90	0.00
134.90	23.50	22.10	39.60	2.40	0.00
135.00	23.40	22.10	39.60	1.90	0.00
135.10	23.40	22.10	39.60	1.70	0.00
135.20	23.40	22.10	39.80	2.40	0.00
135.30	23.30	22.00	39.80	2.20	0.00
135.40	23.30	22.00	39.90	2.20	0.00
135.50	23.30	21.90	39.90	2.00	0.00
135.60	23.40	22.00	39.90	2.00	0.00
135.70	23.40	22.00	39.50	2.00	0.00
135.80	23.50	22.10	39.50	2.70	0.00
135.90	23.30	22.10	39.60	1.90	0.00
136.00	23.30	22.10	39.50	1.90	0.00
136.10	23.30	22.10	39.90	2.20	0.00
136.20	23.70	22.20	40.10	2.20	0.00
136.30	23.70	22.20	39.80	2.20	0.00
136.40	23.30	22.10	39.80	2.40	0.00
136.50	23.40	22.10	39.80	2.40	0.00
136.60	23.40	22.10	39.00	2.50	0.00
136.70	23.40	22.20	40.50	2.00	0.00
136.80	23.30	22.00	40.10	1.90	0.00
136.90	23.30	22.00	39.50	2.20	0.00
137.00	23.40	22.00	39.60	3.30	0.00
137.10	23.40	22.00	39.20	2.40	0.00
137.20	23.40	22.00	39.80	1.90	0.00
137.30	23.50	22.10	39.50	2.20	0.00
137.40	23.40	22.10	39.50	2.20	0.00
137.50	23.40	22.10	39.80	2.40	0.00
137.60	23.40	22.20	39.50	2.20	0.00
137.70	23.30	22.10	39.30	2.00	0.00
137.80	23.30	22.10	39.30	2.00	0.00
137.90	23.30	22.00	39.50	2.00	0.00
138.00	23.30	22.00	39.00	2.40	0.00
138.10	23.30	22.00	39.90	2.50	0.00
138.20	23.40	22.10	39.60	2.20	0.00
138.30	23.50	22.10	39.60	2.20	0.00
138.40	23.50	22.10	40.10	2.40	0.00
138.50	23.40	22.20	39.50	2.20	0.00
138.60	23.40	22.20	39.90	2.40	0.00
138.70	23.40	22.10	39.60	2.00	0.00
138.80	23.50	22.20	39.80	2.50	0.00
138.90	23.50	22.20	39.80	2.40	0.00
139.00	23.40	22.10	39.80	2.40	0.00
139.10	23.40	22.10	39.60	2.20	0.00
139.20	23.40	22.10	39.60	2.20	0.00
139.30	23.40	22.10	39.60	0.20	0.00
139.40	23.30	22.10	40.20	2.00	0.00
139.50	23.40	22.00	39.50	2.40	0.00
139.60	23.40	22.00	39.60	2.00	0.00
139.70	23.40	22.00	40.10	1.90	0.00
139.80	23.30	22.10	39.80	2.40	0.00
139.90	23.30	22.10	39.30	2.00	0.00
140.00	23.40	22.20	39.80	2.20	0.00
140.10	23.40	22.20	39.80	2.20	0.00
140.20	23.30	22.20	39.60	1.90	0.00
140.30	23.40	22.10	40.50	1.70	0.00
140.40	23.40	22.10	39.60	2.00	0.00
140.50	23.30	22.10	39.80	2.50	0.00
140.60	23.30	22.20	39.50	2.40	0.00
140.70	23.30	22.20	40.40	1.70	0.00
140.80	23.40	22.00	39.20	2.00	0.00
140.90	23.40	22.00	39.60	2.00	0.00
141.00	23.40	22.00	39.60	2.00	0.00
141.10	23.30	22.10	39.60	1.70	0.00
141.20	23.30	22.10	39.60	2.00	0.00
141.30	23.30	22.10	39.60	1.90	0.00
141.40	23.40	22.20	39.50	2.40	0.00
141.50	23.40	22.10	39.20	2.40	0.00
141.60	23.40	22.10	39.80	2.00	0.00
141.70	23.50	22.20	39.60	2.20	0.00
141.80	23.40	22.10	39.50	2.20	0.00
141.90	23.40	22.10	39.30	2.40	0.00
142.00	23.40	22.20	39.60	2.40	0.00
142.10	23.30	22.00	40.40	1.90	0.00
142.20	23.30	22.00	39.80	1.90	0.00
142.30	23.40	22.10	39.80	2.00	0.00
142.40	23.40	22.10	39.00	2.40	0.00
142.50	23.40	22.10	39.80	2.20	0.00
142.60	23.40	22.10	39.50	1.90	0.00
142.70	23.40	22.20	39.50	1.90	0.00
142.80	23.40	22.20	39.30	2.20	0.00
142.90	23.50	22.10	39.60	2.40	0.00
143.00	23.20	22.10	39.00	2.20	0.00
143.10	23.20	22.10	39.30	2.20	0.00
143.20	23.30	22.00	39.60	2.70	0.00
143.30	23.30	22.10	39.60	2.40	0.00
143.40	23.30	22.10	39.60	2.50	0.00
143.50	23.40	22.10	39.50	1.90	0.00
143.60	23.30	22.00	39.50	1.90	0.00
143.70	23.30	22.00	39.80	2.70	0.00
143.80	23.40	22.20	39.60	2.20	0.00
143.90	23.40	22.20	39.60	2.20	0.00
144.00	23.40	22.10	39.30	2.00	0.00
144.10	23.40	22.10	39.80	2.40	0.00
144.20	23.40	22.10	39.60	2.40	0.00
144.30	23.30	22.10	39.80	2.40	0.00
144.40	23.40	22.00	39.60	2.00	0.00
144.50	23.40	22.00	39.60	2.00	0.00
144.60	23.40	22.00	39.80	1.40	0.00
144.70	23.50	22.20	40.10	3.10	0.00
144.80	23.50	22.20	39.50	1.90	0.00
144.90	23.30	22.20	39.50	2.20	0.00
145.00	23.40	22.20	39.80	1.90	0.00
145.10	23.40	22.20	39.80	2.50	0.00
145.20	23.40	22.10	39.80	2.00	0.00
145.30	23.40	22.10	39.30	1.70	0.00
145.40	23.40	22.10	39.30	1.70	0.00
145.50	23.50	22.10	39.60	2.20	0.00
145.60	23.40	22.10	39.80	2.00	0.00
145.70	23.40	22.10	39.80	1.40	0.00
145.80	23.40	22.20	39.50	2.40	0.00
145.90	23.30	22.10	39.30	2.20	0.00
146.00	23.30	22.10	39.60	2.40	0.00
146.10	23.20	22.10	39.20	2.00	0.00
146.20	23.50	22.10	39.80	2.70	0.00
146.30	23.40	22.20	39.80	2.70	0.00
146.40	23.40	22.20	39.60	2.40	0.00
146.50	23.40	22.10	39.50	2.20	0.00
146.60	23.30	22.10	39.50	2.00	0.00
146.70	23.30	22.10	39.60	2.40	0.00
146.80	23.40	22.20	39.80	2.00	0.00
146.90	23.40	22.10	39.60	2.20	0.00
147.00	23.40	22.10	39.30	1.70	0.00
147.10	23.30	22.10	39.60	2.00	0.00
147.20	23.30	22.10	40.10	2.00	0.00
147.30	23.40	22.10	40.10	1.90	0.00
147.40	23.40	22.10	39.60	1.90	0.00
147.50	23.40	22.10	39.50	2.20	0.00
147.60	23.30	22.10	39.90	1.70	0.00
147.70	23.30	22.10	39.80	2.20	0.00
147.80	23.30	22.10	39.80	2.20	0.00
147.90	23.40	22.00	39.90	2.80	0.00
148.00	23.50	22.20	39.90	2.80	0.00
148.10	23.50	22.20	39.30	2.00	0.00
148.20	23.30	22.10	39.50	2.20	0.00
148.30	23.40	22.10	39.50	2.40	0.00
148.40	23.40	22.10	39.60	2.40	0.00
148.50	23.30	22.20	39.80	2.50	0.00
148.60	23.30	22.10	39.30	1.90	0.00
148.70	23.30	22.10	39.60	2.50	0.00
148.80	23.30	22.00	39.50	2.40	0.00
148.90	23.30	22.00	39.50	2.40	0.00
149.00	23.30	22.00	40.50	1.60	0.00
149.10	23.40	22.10	39.20	2.20	0.00
149.20	23.40	22.10	39.30	2.20	0.00
149.30	23.40	22.20	39.90	2.00	0.00
149.40	23.40	22.20	39.60	2.20	0.00
149.50	23.40	22.20	39.60	2.00	0.00
149.60	23.40	22.10	39.80	2.20	0.00
149.70	23.40	22.10	39.50	2.40	0.00
149.80	23.30	22.10	39.50	2.40	0.00
149.90	23.40	22.20	39.60	2.00	0.00
150.00	23.40	22.20	39.20	1.70	0.00
150.10	23.40	22.20	39.50	2.20	0.00
150.20	23.50	22.20	39.50	2.40	0.00
150.30	23.50	22.20	39.50	2.70	0.00
150.40	23.50	22.20	40.10	2.20	0.00
150.50	23.50	22.20	40.10	2.00	0.00
150.60	23.30	22.10	39.80	2.70	0.00
150.70	23.20	22.00	39.80	2.70	0.00
150.80	23.20	22.00	39.80	2.00	0.00
150.90	23.40	22.10	39.60	2.20	0.00
151.00	23.40	22.20	39.20	2.20	0.00
151.10	23.40	22.20	40.10	2.40	0.00
151.20	23.40	22.20	39.90	2.20	0.00
151.30	23.50	22.20	40.10	1.70	0.00
151.40	23.30	22.20	39.60	2.70	0.00
151.50	23.30	22.20	39.80	2.00	0.00
151.60	23.30	22.10	39.80	2.00	0.00
151.70	23.40	22.20	39.90	1.90	0.00
151.80	23.40	22.20	39.60	2.00	0.00
151.90	23.30	22.00	39.80	2.20	0.00
152.00	23.30	22.00	39.50	2.50	0.00
152.10	23.30	22.00	39.90	2.40	0.00
152.20	23.20	22.10	39.20	2.40	0.00
152.30	23.40	22.10	39.60	2.80	0.00
152.40	23.40	22.10	39.80	3.10	0.00
152.50	23.30	22.10	39.80	3.10	0.00
152.60	23.40	22.00	39.90	2.20	0.00
152.70	23.40	22.00	39.60	2.20	0.00
152.80	23.40	22.10	39.80	2.00	0.00
152.90	23.50	22.30	39.80	2.00	0.00
153.00	23.50	22.30	39.90	2.20	0.00
153.10	23.40	22.20	39.80	2.00	0.00
153.20	23.40	22.10	39.50	2.50	0.00
153.30	23.40	22.10	39.30	2.00	0.00
153.40	23.30	22.20	39.30	2.00	0.00
153.50	23.30	22.20	39.80	1.70	0.00
153.60	23.40	22.10	39.50	2.40	0.00
153.70	23.40	22.20	39.20	2.00	0.00
153.80	23.40	22.20	39.60	2.20	0.00
153.90	23.20	22.10	39.20	2.00	0.00
154.00	23.50	22.20	39.50	1.70	0.00
154.10	23.50	22.20	39.80	2.40	0.00
154.20	23.40	22.20	39.80	1.90	0.00
154.30	23.30	22.10	39.80	1.90	0.00
154.40	23.30	22.10	40.10	2.50	0.00
154.50	23.30	22.10	39.30	2.80	0.00
154.60	23.50	22.10	39.50	2.40	0.00
154.70	23.50	22.10	39.60	2.00	0.00
154.80	23.20	22.10	39.20	2.00	0.00
154.90	23.40	22.10	39.80	2.50	0.00
155.00	23.40	22.10	39.50	1.90	0.00
155.10	23.40	22.20	39.00	2.40	0.00
155.20	23.40	22.20	40.10	1.60	0.00
155.30	23.20	22.10	39.60	2.00	0.00
155.40	23.40	22.00	39.80	2.00	0.00
155.50	23.40	22.00	39.30	2.40	0.00
155.60	23.40	22.30	39.60	2.20	0.00
155.70	23.50	22.20	39.80	2.20	0.00
155.80	23.50	22.20	39.90	2.00	0.00
155.90	23.40	22.10	39.20	2.20	0.00
156.00	23.40	22.10	39.50	1.90	0.00
156.10	23.50	22.10	39.50	1.90	0.00
156.20	23.30	22.10	39.60	2.00	0.00
156.30	23.30	22.10	39.80	2.40	0.00
156.40	23.40	22.00	39.50	2.20	0.00
156.50	23.40	22.10	39.60	1.70	0.00
156.60	23.30	22.10	39.60	2.50	0.00
156.70	23.30	22.10	40.50	1.90	0.00
156.80	23.30	22.20	39.60	2.00	0.00
156.90	23.30	22.20	39.80	2.00	0.00
157.00	23.40	22.20	39.80	2.00	0.00
157.10	23.30	21.90	39.50	2.00	0.00
157.20	23.30	21.90	39.60	2.70	0.00
157.30	23.30	22.00	39.60	2.20	0.00
157.40	23.40	22.20	39.60	2.00	0.00
157.50	23.50	22.20	39.60	2.50	0.00
157.60	23.50	22.20	39.90	2.20	0.00
157.70	23.40	22.10	39.30	1.90	0.00
157.80	23.40	22.10	39.30	2.20	0.00
157.90	23.30	22.20	39.30	2.20	0.00
158.00	23.40	22.20	39.50	2.40	0.00
158.10	23.40	22.20	39.90	2.40	0.00
158.20	23.40	22.20	39.20	2.50	0.00
158.30	23.40	22.30	39.30	2.70	0.00
158.40	23.40	22.30	39.30	2.50	0.00
158.50	23.40	22.30	39.60	2.00	0.00
158.60	23.50	22.20	39.60	2.20	0.00
158.70	23.50	22.20	39.60	2.20	0.00
158.80	23.30	22.10	39.60	2.20	0.00
158.90	23.40	22.10	39.50	1.90	0.00
159.00	23.40	22.20	39.90	2.40	0.00
159.10	23.40	22.20	39.30	2.20	0.00
159.20	23.30	22.00	39.80	2.20	0.00
159.30	23.30	22.00	39.60	2.20	0.00
159.40	23.30	22.20	39.30	1.90	0.00
159.50	23.50	22.20	39.60	2.00	0.00
159.60	23.50	22.20	39.20	1.90	0.00
159.70	23.40	22.20	39.20	1.90	0.00
159.80	23.40	22.30	39.30	2.20	0.00
159.90	23.30	22.10	39.60	2.20	0.00
160.00	23.30	22.10	39.50	2.00	0.00
160.10	23.30	22.20	39.80	2.40	0.00
160.20	23.30	22.10	39.80	2.40	0.00
160.30	23.30	22.10	39.60	2.40	0.00
160.40	23.20	22.10	39.80	1.60	0.00
160.50	23.20	22.10	39.50	2.00	0.00
160.60	23.20	22.00	39.80	3.10	0.00
160.70	23.40	22.20	39.50	2.20	0.00
160.80	23.40	22.20	39.50	2.00	0.00
160.90	23.40	22.10	39.80	2.00	0.00
161.00	23.40	22.10	39.90	2.20	0.00
161.10	23.50	22.20	40.10	2.00	0.00
161.20	23.30	22.10	39.90	1.90	0.00
161.30	23.30	22.10	39.80	2.50	0.00
161.40	23.30	22.10	39.80	2.50	0.00
161.50	23.30	22.20	39.60	2.20	0.00
161.60	23.30	22.20	39.30	2.50	0.00
161.70	23.30	22.10	39.60	2.20	0.00
161.80	23.50	22.20	39.60	2.20	0.00
161.90	23.50	22.20	39.60	1.90	0.00
162.00	23.30	22.10	39.90	2.00	0.00
162.10	23.30	22.10	39.60	2.20	0.00
162.20	23.30	22.10	40.10	2.40	0.00
162.30	23.30	22.10	40.10	2.40	0.00
162.40	23.50	22.30	39.90	2.20	0.00
162.50	23.30	22.20	39.00	2.40	0.00
162.60	23.30	22.20	39.60	2.40	0.00
162.70	23.30	22.20	39.80	2.20	0.00
162.80	23.30	22.20	39.60	1.90	0.00
162.90	23.30	22.20	39.60	2.40	0.00
163.00	23.30	22.20	39.80	2.20	0.00
163.10	23.40	22.20	39.80	2.40	0.00
163.20	23.40	22.20	39.80	2.40	0.00
163.30	23.40	22.10	39.80	2.00	0.00
163.40	23.30	22.00	39.80	2.00	0.00
163.50	23.30	22.00	38.20	2.40	0.00
163.60	23.40	22.20	39.50	1.90	0.00
163.70	23.30	22.10	39.30	2.50	0.00
163.80	23.30	22.10	39.30	1.70	0.00
163.90	23.30	22.10	39.20	2.40	0.00
164.00	23.30	22.10	39.60	2.80	0.00
164.10	23.30	22.10	39.60	2.80	0.00
164.20	23.40	22.10	39.60	2.40	0.00
164.30	23.40	22.10	39.60	2.40	0.00
164.40	23.40	22.10	39.60	2.40	0.00
164.50	23.40	22.20	39.60	2.00	0.00
164.60	23.40	22.10	39.60	2.40	0.00
164.70	23.40	22.10	39.50	2.40	0.00
164.80	23.40	22.20	39.80	2.40	0.00
164.90	23.30	22.00	39.50	1.70	0.00
165.00	23.30	22.00	39.50	1.70	0.00
165.10	23.30	22.10	37.60	2.40	0.00
165.20	23.40	22.20	39.50	2.50	0.00
165.30	23.40	22.20	39.80	2.00	0.00
165.40	23.30	22.10	39.80	2.20	0.00
165.50	23.20	22.20	39.80	2.20	0.00
165.60	23.20	22.20	39.50	1.70	0.00
165.70	23.30	22.20	39.80	2.20	0.00
165.80	23.30	22.20	39.50	2.40	0.00
165.90	23.30	22.20	39.50	2.40	0.00
166.00	23.30	22.10	39.60	1.60	0.00
166.10	23.30	22.10	39.80	1.70	0.00
166.20	23.40	22.20	39.80	2.00	0.00
166.30	23.20	22.20	39.90	2.80	0.00
166.40	23.20	22.20	40.10	2.80	0.00
166.50	23.30	22.20	39.90	2.00	0.00
166.60	23.30	22.30	39.60	2.40	0.00
166.70	23.30	22.10	39.20	2.00	0.00
166.80	23.30	22.10	39.20	2.00	0.00
166.90	23.30	22.10	39.90	2.50	0.00
167.00	23.30	22.10	39.60	2.70	0.00
167.10	23.40	22.20	39.60	2.20	0.00
167.20	23.40	22.20	39.50	2.20	0.00
167.30	23.40	22.20	39.30	2.20	0.00
167.40	23.40	22.20	39.60	2.40	0.00
167.50	23.30	22.20	39.50	1.90	0.00
167.60	23.30	22.20	39.30	2.40	0.00
167.70	23.40	22.20	39.30	2.40	0.00
167.80	23.30	22.10	39.60	1.90	0.00
167.90	23.30	22.10	39.30	2.00	0.00
168.00	23.20	22.20	39.60	1.10	0.00
168.10	23.20	22.00	39.80	2.00	0.00
168.20	23.20	22.00	39.30	2.20	0.00
168.30	23.20	22.00	39.60	2.20	0.00
168.40	23.30	22.30	39.30	2.50	0.00
168.50	23.30	22.30	39.80	2.20	0.00
168.60	23.30	22.20	39.80	2.20	0.00
168.70	23.40	22.20	39.50	2.00	0.00
168.80	23.20	22.20	39.00	2.50	0.00
168.90	23.20	22.20	39.50	2.20	0.00
169.00	23.40	22.20	39.50	2.20	0.00
169.10	23.40	22.20	39.80	2.70	0.00
169.20	23.40	22.00	39.80	2.20	0.00
169.30	23.40	22.20	39.60	2.00	0.00
169.40	23.40	22.30	39.30	2.00	0.00
169.50	23.40	22.30	39.30	2.00	0.00
169.60	23.20	22.10	39.90	2.20	0.00
169.70	23.40	22.20	39.60	2.00	0.00
169.80	23.40	22.20	39.90	2.20	0.00
169.90	23.40	22.20	39.80	2.40	0.00
170.00	23.30	22.10	39.60	2.20	0.00
170.10	23.30	22.20	39.60	2.40	0.00
170.20	23.30	22.20	39.30	2.40	0.00
170.30	23.40	22.20	39.60	1.90	0.00
170.40	23.40	22.20	39.60	1.90	0.00
170.50	23.30	22.20	39.50	2.50	0.00
170.60	23.30	22.30	39.60	2.20	0.00
170.70	23.30	22.30	39.80	2.00	0.00
170.80	23.30	22.10	39.80	2.00	0.00
170.90	23.30	22.10	37.80	2.20	0.00
171.00	23.30	22.20	39.60	2.20	0.00
171.10	23.30	22.20	39.60	1.70	0.00
171.20	23.40	22.30	39.30	2.50	0.00
171.30	23.30	22.20	39.30	2.50	0.00
171.40	23.30	22.20	39.30	2.00	0.00
171.50	23.40	22.20	39.80	2.00	0.00
171.60	23.30	22.20	39.60	2.20	0.00
171.70	23.30	22.20	39.50	2.00	0.00
171.80	23.20	22.20	39.30	2.20	0.00
171.90	23.20	22.10	39.30	2.00	0.00
172.00	23.20	22.10	39.30	2.20	0.00
172.10	23.40	22.30	39.60	2.40	0.00
172.20	23.30	22.20	39.50	1.90	0.00
172.30	23.30	22.20	39.90	0.70	0.00
172.40	23.20	22.10	39.80	2.20	0.00
172.50	23.30	22.10	40.10	2.50	0.00
172.60	23.30	22.10	39.30	1.40	0.00
172.70	23.40	22.20	39.50	2.40	0.00
172.80	23.40	22.10	39.60	2.00	0.00
172.90	23.40	22.10	39.50	2.40	0.00
173.00	23.30	22.20	40.10	3.00	0.00
173.10	23.20	22.10	40.10	3.00	0.00
173.20	23.20	22.10	39.30	2.20	0.00
173.30	23.30	22.20	39.90	2.20	0.00
173.40	23.50	22.30	39.90	3.00	0.00
173.50	23.50	22.30	39.50	1.90	0.00
173.60	23.30	22.10	39.50	2.40	0.00
173.70	23.40	22.20	39.60	2.20	0.00
173.80	23.40	22.20	39.80	2.40	0.00
173.90	23.40	22.20	39.30	2.40	0.00
174.00	23.30	22.10	39.30	2.40	0.00
174.10	23.30	22.10	39.50	1.90	0.00
174.20	23.40	22.10	39.50	2.00	0.00
174.30	23.30	22.10	39.60	2.20	0.00
174.40	23.30	22.10	39.60	2.40	0.00
174.50	23.40	22.20	40.10	2.00	0.00
174.60	23.50	22.30	39.50	2.00	0.00
174.70	23.50	22.30	39.30	2.00	0.00
174.80	23.20	22.00	39.60	2.70	0.00
174.90	23.40	22.20	39.60	2.70	0.00
175.00	23.40	22.20	40.10	2.20	0.00
175.10	23.20	22.10	39.80	2.00	0.00
175.20	23.30	22.20	39.20	2.40	0.00
175.30	23.30	22.20	39.30	2.20	0.00
175.40	23.40	22.10	39.30	2.20	0.00
175.50	23.30	22.20	39.60	2.40	0.00
175.60	23.30	22.20	39.50	2.40	0.00
175.70	23.30	22.20	39.50	2.40	0.00
175.80	23.40	22.10	39.50	2.20	0.00
175.90	23.40	22.10	39.50	2.20	0.00
176.00	23.20	22.10	39.80	2.20	0.00
176.10	23.30	22.10	39.30	1.90	0.00
176.20	23.30	22.10	39.80	2.00	0.00
176.30	23.40	22.20	39.80	2.40	0.00
176.40	23.30	22.20	39.90	2.20	0.00
176.50	23.30	22.20	40.10	2.80	0.00
176.60	23.40	22.10	39.60	2.20	0.00
176.70	23.40	22.30	39.50	2.50	0.00
176.80	23.40	22.30	38.70	2.40	0.00
176.90	23.30	22.20	39.30	2.00	0.00
177.00	23.30	22.10	39.80	1.90	0.00
177.10	23.30	22.10	39.90	1.90	0.00
177.20	23.20	22.20	39.90	1.90	0.00
177.30	23.20	22.00	39.30	1.70	0.00
177.40	23.20	22.00	39.60	2.50	0.00
177.50	23.30	22.20	39.60	2.50	0.00
177.60	23.30	22.20	39.80	2.20	0.00
177.70	23.30	22.20	39.30	2.00	0.00
177.80	23.30	22.20	39.30	2.20	0.00
177.90	23.30	22.20	39.60	2.00	0.00
178.00	23.30	22.20	39.50	1.90	0.00
