Ambient Temperature(C): 24.7
Ambient Pressure(in Hg): 29.529.5
Time(s)	T1(Deg C)	T2(Deg C)	Needle Valve Inlet(Deg C)	Neelde Valve Outlet(Deg C)	Air Inlet(Deg C)	P1(PSI)	P2(PSI)	Mass Flowrate(g/min)	Heater Energy (kJ)

0.00	24.90	25.30	25.10	25.10	24.90	0.70	0.20	0.00	0.00
0.10	25.10	25.40	25.20	25.20	25.00	0.30	0.80	0.00	0.00
0.20	25.10	25.40	25.20	25.20	25.00	0.30	0.80	0.00	0.00
0.30	25.00	25.50	25.20	25.20	25.10	-0.30	0.50	0.00	0.00
0.40	24.90	25.40	25.10	25.10	24.90	0.20	0.70	0.00	0.00
0.50	24.90	25.40	25.10	25.10	24.90	0.00	-0.10	0.00	0.00
0.60	24.90	25.30	25.10	25.10	25.10	0.00	0.30	0.00	0.00
0.70	25.00	25.30	25.10	25.10	25.10	-0.10	0.30	0.00	0.00
0.80	25.00	25.30	25.10	25.10	25.10	0.20	0.50	0.00	0.00
0.90	25.00	25.30	25.10	25.10	25.00	0.20	0.70	0.00	0.00
1.00	25.00	25.30	25.10	25.10	25.00	0.30	-0.10	0.00	0.00
1.10	25.10	25.40	24.90	25.10	25.00	0.00	0.20	0.00	0.00
1.20	24.90	25.30	25.00	25.10	25.00	0.00	0.20	0.00	0.00
1.30	24.90	25.30	25.00	25.10	25.00	0.20	1.00	0.00	0.00
1.40	25.00	25.30	25.10	25.10	24.90	0.50	0.70	0.00	0.00
1.50	25.00	25.40	25.00	25.10	24.90	0.70	0.30	0.00	0.00
1.60	25.00	25.40	25.00	25.10	24.90	0.50	0.70	0.00	0.00
1.70	25.00	25.30	25.10	25.10	25.00	-0.10	0.70	0.00	0.00
1.80	25.00	25.30	25.10	25.10	25.00	-0.10	0.70	0.00	0.00
1.90	25.10	25.40	25.10	25.20	25.10	0.00	0.50	0.00	0.00
2.00	24.90	25.30	25.10	25.10	25.00	0.30	0.50	0.00	0.00
2.10	24.90	25.30	25.10	25.10	25.00	0.30	0.50	0.00	0.00
2.20	25.10	25.40	25.10	25.10	25.00	0.20	0.50	0.00	0.00
2.30	25.10	25.30	25.10	25.10	25.10	0.00	0.50	0.00	0.00
2.40	25.10	25.30	25.10	25.10	25.10	0.50	0.70	0.00	0.00
2.50	24.90	25.30	25.10	25.10	25.10	0.30	0.80	0.00	0.00
2.60	25.00	25.30	25.20	25.20	25.10	0.30	0.30	0.00	0.00
2.70	25.00	25.30	25.20	25.20	25.10	0.70	0.30	0.00	0.00
2.80	25.10	25.40	25.00	25.10	25.10	0.20	0.70	0.00	0.00
2.90	25.10	25.40	25.00	25.10	25.10	0.00	0.20	0.00	0.00
3.00	24.90	25.20	25.00	25.00	25.10	0.30	0.20	0.00	0.00
3.10	25.00	25.30	25.10	25.00	25.00	0.30	0.20	0.00	0.00
3.20	25.00	25.30	25.10	25.00	25.00	0.50	0.20	0.00	0.00
3.30	25.00	25.30	25.10	25.10	25.00	-0.10	0.00	0.00	0.00
3.40	25.10	25.40	25.10	25.10	25.10	0.30	0.50	0.00	0.00
3.50	25.10	25.40	25.10	25.10	25.10	0.30	0.50	0.00	0.00
3.60	25.00	25.40	25.10	25.10	25.10	0.20	0.70	0.00	0.00
3.70	25.00	25.30	25.10	25.10	25.00	0.50	0.50	0.00	0.00
3.80	25.00	25.30	25.10	25.10	25.00	0.20	0.50	0.00	0.00
3.90	24.90	25.20	25.00	25.00	24.90	0.30	0.20	0.00	0.00
4.00	25.00	25.20	25.10	25.00	25.00	0.00	0.70	0.00	0.00
4.10	25.00	25.20	25.10	25.00	25.00	1.70	0.80	0.00	0.00
4.20	24.90	25.20	25.10	25.10	24.50	2.30	0.50	0.00	0.00
4.30	25.60	25.30	25.20	25.10	24.60	1.90	0.50	0.00	0.00
4.40	25.60	25.30	25.20	25.10	24.60	2.20	0.50	0.00	0.00
4.50	26.00	25.30	25.20	25.10	24.60	1.90	0.00	0.00	0.00
4.60	26.10	25.30	25.10	25.10	24.60	2.20	0.50	0.00	0.00
4.70	26.10	25.30	25.10	25.10	24.60	1.60	0.70	0.00	0.00
4.80	26.20	25.30	25.00	25.10	24.60	2.00	0.50	0.00	0.00
4.90	26.30	25.30	25.10	25.00	24.60	-0.10	0.80	0.00	0.00
5.00	26.30	25.30	25.10	25.00	24.60	-0.10	0.80	0.00	0.00
5.10	26.30	25.30	25.10	25.10	24.70	1.90	0.80	0.00	0.00
5.20	26.30	25.30	25.10	25.10	24.70	2.00	0.50	0.00	0.00
5.30	26.30	25.30	25.00	25.10	24.70	1.70	0.30	0.00	0.00
5.40	26.20	25.40	25.10	25.20	24.80	1.70	0.50	0.00	0.00
5.50	26.20	25.40	25.10	25.20	24.80	2.00	0.50	0.00	0.00
5.60	26.10	25.30	25.00	25.10	24.60	2.00	-0.10	0.00	0.00
5.70	26.20	25.40	25.20	25.10	24.70	2.20	0.00	0.00	0.00
5.80	26.20	25.40	25.20	25.10	24.70	1.70	0.30	0.00	0.00
5.90	26.00	25.40	25.20	25.20	24.80	2.30	0.50	0.00	0.00
6.00	25.90	25.30	25.10	25.10	24.90	2.30	0.50	0.00	0.00
6.10	25.90	25.30	25.10	25.10	24.90	1.70	0.30	9.12	0.00
6.20	26.00	25.30	25.00	25.20	24.80	1.90	0.50	49.83	0.00
6.30	26.00	25.30	25.00	25.20	24.80	2.00	0.00	49.16	0.00
6.40	26.00	25.30	25.10	25.10	24.80	2.20	0.00	48.32	0.00
6.50	26.00	25.30	25.10	25.10	24.80	2.30	0.20	47.89	0.00
6.60	26.30	25.40	25.10	25.00	24.80	2.50	0.30	47.62	0.00
6.70	26.40	25.30	25.10	25.10	24.90	2.80	0.50	47.44	0.00
6.80	26.40	25.30	25.10	25.10	24.90	3.10	0.50	47.31	0.00
6.90	26.60	25.20	25.10	25.10	24.80	3.10	0.30	47.10	0.00
7.00	26.70	25.40	25.20	25.10	24.90	3.10	0.30	46.97	0.00
7.10	26.70	25.40	25.20	25.10	24.90	3.40	0.50	46.87	0.00
7.20	27.00	25.40	25.20	25.10	25.00	3.60	0.30	46.64	0.00
7.30	27.00	25.40	25.20	25.10	25.00	4.00	0.80	46.58	0.00
7.40	27.00	25.20	25.10	25.00	24.90	3.90	0.70	46.41	0.00
7.50	27.30	25.30	25.10	25.10	24.90	3.90	0.50	49.41	0.00
7.60	27.30	25.30	25.10	25.10	24.90	4.00	0.50	51.16	0.00
7.70	27.50	25.30	25.20	25.20	25.00	4.00	0.30	51.76	0.00
7.80	27.60	25.30	25.10	25.10	24.90	4.50	0.70	51.68	0.00
7.90	27.60	25.30	25.10	25.10	24.90	4.30	0.30	51.63	0.00
8.00	27.70	25.30	25.10	25.10	24.90	4.70	0.80	51.52	0.00
8.10	27.90	25.40	25.10	25.10	25.00	4.80	0.50	51.36	0.00
8.20	27.90	25.40	25.10	25.10	25.00	4.70	0.70	51.34	0.00
8.30	28.00	25.20	25.10	25.10	24.80	5.30	0.70	51.23	0.00
8.40	28.10	25.30	25.00	24.90	24.80	5.60	0.80	51.16	0.00
8.50	28.10	25.30	25.00	24.90	24.80	5.70	0.20	51.14	0.00
8.60	28.20	25.30	25.10	25.10	24.90	5.40	0.30	51.01	0.00
8.70	28.20	25.30	25.10	25.10	24.90	6.00	0.20	50.96	0.00
8.80	28.30	25.30	25.20	25.10	24.90	6.30	0.70	50.88	0.00
8.90	28.30	25.30	25.20	25.10	24.90	6.30	0.70	50.75	0.00
9.00	28.30	25.40	25.10	25.00	24.90	6.20	0.30	50.69	0.00
9.10	28.50	25.30	25.10	25.00	24.90	6.50	0.50	50.65	0.00
9.20	28.50	25.30	25.10	25.00	24.90	6.70	0.70	50.59	0.00
9.30	28.70	25.40	25.20	25.10	24.90	6.80	0.20	50.51	0.00
9.40	28.90	25.30	25.20	25.10	25.10	6.70	0.50	50.40	0.00
9.50	28.90	25.30	25.20	25.10	25.10	7.10	0.70	50.33	0.00
9.60	28.90	25.30	25.20	25.10	25.00	6.00	0.30	50.31	0.00
9.70	29.10	25.30	25.20	25.10	24.90	7.10	0.80	50.21	0.00
9.80	29.10	25.30	25.20	25.10	24.90	7.00	0.70	50.17	0.00
9.90	29.00	25.20	25.00	25.10	24.90	7.70	0.20	50.10	0.00
10.00	29.40	25.40	25.20	25.20	25.00	7.60	0.50	50.05	0.00
10.10	29.40	25.40	25.20	25.20	25.00	7.60	0.30	49.95	0.00
10.20	29.30	25.30	25.00	25.00	24.90	7.90	1.00	49.95	0.00
10.30	29.30	25.30	25.10	25.20	25.00	7.70	0.70	49.87	0.00
10.40	29.30	25.30	25.10	25.20	25.00	8.50	0.30	49.80	0.00
10.50	29.40	25.20	25.10	25.10	25.10	8.30	0.30	49.76	0.00
10.60	29.40	25.30	25.10	25.10	25.00	8.70	0.20	49.70	0.00
10.70	29.40	25.30	25.10	25.10	25.00	8.70	1.00	49.67	0.00
10.80	29.50	25.40	25.20	25.20	25.10	9.30	0.20	49.60	0.00
10.90	29.50	25.40	25.20	25.20	25.10	9.10	0.20	49.55	0.00
11.00	29.50	25.30	25.10	25.20	25.00	9.00	0.30	49.50	0.00
11.10	29.60	25.30	25.20	25.10	25.00	8.80	0.50	49.46	0.00
11.20	29.60	25.30	25.20	25.10	25.00	9.00	1.00	49.35	0.00
11.30	29.80	25.40	25.30	25.20	25.00	9.30	-0.10	49.35	0.00
11.40	29.80	25.40	25.30	25.20	25.00	9.70	0.20	49.27	0.00
11.50	29.70	25.20	25.20	25.10	25.00	9.60	0.20	49.25	0.00
11.60	29.70	25.40	25.20	25.10	24.90	9.90	0.80	49.21	0.00
11.70	29.70	25.40	25.20	25.10	24.90	9.90	0.80	49.09	0.00
11.80	29.80	25.30	25.10	25.10	25.00	9.90	0.20	44.54	0.00
11.90	29.70	25.20	25.10	25.20	25.10	10.40	0.30	43.96	0.00
12.00	29.70	25.20	25.10	25.20	25.10	10.00	0.00	43.57	0.00
12.10	29.60	25.30	25.20	25.10	25.10	10.00	1.10	43.52	0.00
12.20	29.70	25.30	25.30	25.20	25.30	10.20	0.30	45.31	0.00
12.30	29.70	25.30	25.30	25.20	25.30	9.70	0.30	46.87	0.00
12.40	29.40	25.30	25.20	25.10	25.40	10.00	0.20	47.76	0.00
12.50	29.20	25.30	25.10	25.10	25.30	9.40	0.30	48.14	0.00
12.60	29.20	25.30	25.10	25.10	25.30	9.40	0.30	47.63	0.00
12.70	28.90	25.30	25.20	25.10	25.50	9.70	0.80	46.84	0.00
12.80	28.90	25.30	25.20	25.10	25.50	9.70	0.70	46.61	0.00
12.90	28.70	25.30	25.20	25.00	25.60	9.30	0.50	46.95	0.00
13.00	28.50	25.40	25.20	25.10	25.60	9.60	0.30	46.35	0.00
13.10	28.50	25.40	25.20	25.10	25.60	9.60	0.80	43.68	0.00
13.20	28.20	25.30	25.10	25.10	25.70	9.90	0.30	38.87	0.00
13.30	28.10	25.30	25.30	25.10	25.60	9.60	0.30	28.21	0.00
13.40	28.10	25.30	25.30	25.10	25.60	9.60	0.80	14.80	0.00
13.50	28.00	25.20	25.20	25.10	25.60	9.30	0.70	10.76	0.00
13.60	28.00	25.20	25.20	25.10	25.60	9.90	0.80	8.25	0.00
13.70	27.80	25.30	25.10	25.00	25.50	9.70	0.70	6.68	0.00
13.80	27.80	25.30	25.10	25.00	25.50	9.40	0.70	5.43	0.00
13.90	27.60	25.30	25.10	25.00	25.60	9.60	0.30	4.51	0.00
14.00	27.40	25.30	25.20	25.30	25.60	9.00	0.80	3.85	0.00
14.10	27.40	25.30	25.20	25.30	25.60	9.30	0.70	3.32	0.00
14.20	27.30	25.30	25.20	25.20	25.60	9.90	0.50	2.92	0.00
14.30	27.30	25.30	25.20	25.20	25.60	10.20	0.20	2.63	0.00
14.40	27.30	25.40	25.20	25.20	25.60	9.40	0.20	2.32	0.00
14.50	27.00	25.20	25.10	25.00	25.40	9.30	0.70	0.13	0.00
14.60	27.00	25.20	25.10	25.00	25.40	9.10	0.80	0.13	0.00
14.70	27.10	25.30	25.30	25.30	25.60	9.70	1.00	0.11	0.00
14.80	27.00	25.30	25.20	25.10	25.50	9.30	0.50	0.09	0.00
14.90	27.00	25.30	25.20	25.10	25.50	9.30	0.50	0.09	0.00
15.00	26.90	25.20	25.10	25.20	25.50	9.60	0.20	0.09	0.00
15.10	26.70	25.30	25.10	25.00	25.30	9.70	0.80	0.11	0.00
15.20	26.70	25.30	25.10	25.00	25.30	9.60	0.30	0.07	0.00
15.30	26.70	25.40	25.20	25.10	25.30	9.10	0.50	0.06	0.00
15.40	26.70	25.40	25.10	25.10	25.40	8.70	0.70	0.06	0.00
15.50	26.70	25.40	25.10	25.10	25.40	8.70	0.70	0.00	0.00
15.60	26.60	25.30	25.20	25.20	25.30	9.40	0.20	0.00	0.00
15.70	26.60	25.30	25.20	25.20	25.30	9.60	0.70	0.00	0.00
15.80	26.50	25.20	25.10	25.20	25.30	9.60	0.00	0.00	0.00
15.90	26.50	25.40	25.20	25.10	25.40	9.30	0.30	0.00	0.00
16.00	26.50	25.40	25.20	25.10	25.40	9.30	0.00	0.00	0.00
16.10	26.40	25.10	25.00	25.10	25.30	9.00	0.80	0.00	0.00
16.20	26.50	25.40	25.20	25.10	25.30	9.10	0.20	0.00	0.00
16.30	26.50	25.40	25.20	25.10	25.30	9.40	0.70	0.00	0.00
16.40	26.40	25.30	25.10	25.10	25.30	9.40	0.70	0.00	0.00
16.50	26.30	25.30	25.20	25.10	25.30	9.40	0.70	0.00	0.00
16.60	26.30	25.30	25.20	25.10	25.30	9.30	0.70	0.00	0.00
16.70	26.40	25.30	25.10	25.10	25.30	9.30	1.00	0.00	0.00
16.80	26.40	25.30	25.30	25.20	25.30	9.70	0.30	0.00	0.00
16.90	26.40	25.30	25.30	25.20	25.30	9.30	0.70	0.00	0.00
17.00	26.30	25.30	25.20	25.10	25.30	9.10	0.30	0.00	0.00
17.10	26.20	25.30	25.10	25.00	25.20	9.30	0.80	0.00	0.00
17.20	26.20	25.30	25.10	25.00	25.20	9.30	0.80	0.00	0.00
17.30	26.30	25.30	25.10	25.10	25.20	9.70	0.50	0.00	0.00
17.40	26.30	25.30	25.10	25.10	25.20	9.70	0.50	0.00	0.00
17.50	26.10	25.40	25.00	25.20	25.20	9.70	0.50	0.00	0.00
17.60	26.20	25.30	25.10	25.30	25.20	9.70	1.00	0.00	0.00
17.70	26.20	25.30	25.10	25.30	25.20	9.10	0.20	0.00	0.00
17.80	26.20	25.30	25.10	25.10	25.30	9.30	0.50	0.00	0.00
17.90	26.20	25.40	25.30	25.30	25.40	9.60	0.80	0.00	0.00
18.00	26.20	25.40	25.30	25.30	25.40	9.60	0.70	0.00	0.00
18.10	26.20	25.30	25.20	25.20	25.30	8.80	0.50	0.00	0.00
18.20	26.20	25.30	25.20	25.20	25.30	9.30	1.00	0.00	0.00
18.30	26.20	25.30	25.20	25.10	25.10	9.30	0.80	0.00	0.00
18.40	26.10	25.30	25.10	25.20	25.20	9.30	0.80	0.00	0.00
18.50	26.10	25.30	25.10	25.20	25.20	9.10	0.30	0.00	0.00
18.60	26.20	25.50	25.30	25.10	25.30	9.40	0.70	0.00	0.00
18.70	26.10	25.30	25.10	25.10	25.20	9.30	1.00	0.00	0.00
18.80	26.10	25.30	25.10	25.10	25.20	9.60	0.30	0.00	0.00
18.90	26.00	25.30	25.10	25.00	25.10	9.60	0.70	0.00	0.00
19.00	26.00	25.10	25.00	25.00	25.10	9.10	1.10	0.00	0.00
19.10	26.00	25.10	25.00	25.00	25.10	10.40	0.20	0.00	0.00
19.20	26.10	25.40	25.20	25.20	25.20	9.10	0.20	0.00	0.00
19.30	25.90	25.20	25.00	25.00	25.10	9.10	0.20	0.00	0.00
19.40	25.90	25.20	25.00	25.00	25.10	9.10	0.30	0.00	0.00
19.50	26.10	25.40	25.20	25.20	25.30	9.30	-0.30	0.00	0.00
19.60	26.10	25.30	25.20	25.10	25.20	9.10	0.50	0.00	0.00
19.70	26.10	25.30	25.20	25.10	25.20	9.30	0.50	0.00	0.00
19.80	25.90	25.20	25.10	25.10	25.20	9.10	0.70	0.00	0.00
19.90	26.00	25.30	25.20	25.20	25.30	9.30	0.50	0.00	0.00
20.00	26.00	25.30	25.20	25.20	25.30	9.30	0.00	0.00	0.00
20.10	25.90	25.20	25.20	25.10	25.10	9.10	0.20	0.00	0.00
20.20	26.00	25.30	25.00	25.00	25.10	9.10	0.20	0.00	0.00
20.30	26.00	25.30	25.00	25.00	25.10	9.60	0.50	0.00	0.00
20.40	26.00	25.20	25.20	25.10	25.20	9.10	0.70	0.00	0.00
20.50	26.00	25.20	25.20	25.10	25.20	9.40	0.30	0.00	0.00
20.60	26.00	25.50	25.20	25.20	25.20	9.60	0.80	0.00	0.00
20.70	26.10	25.30	25.20	25.10	25.20	9.30	0.30	0.00	0.00
20.80	26.10	25.30	25.20	25.10	25.20	9.10	0.70	0.00	0.00
20.90	26.00	25.20	25.10	25.00	25.10	9.30	0.70	0.00	0.00
21.00	26.00	25.40	25.10	25.10	25.10	9.30	0.20	0.00	0.00
21.10	26.00	25.40	25.10	25.10	25.10	9.40	0.50	0.00	0.00
21.20	25.90	25.40	25.20	25.00	25.10	9.40	0.50	0.00	0.00
21.30	25.90	25.40	25.20	25.00	25.10	9.60	1.10	0.00	0.00
21.40	26.00	25.40	25.20	25.20	25.10	9.30	0.70	0.00	0.00
21.50	25.90	25.20	25.10	25.00	25.00	9.00	0.70	0.00	0.00
21.60	25.90	25.20	25.10	25.00	25.00	9.40	0.70	0.00	0.00
21.70	25.80	25.20	25.00	25.00	25.00	9.30	0.30	0.00	0.00
21.80	25.90	25.30	25.10	25.10	25.10	9.30	0.50	0.00	0.00
21.90	25.90	25.30	25.10	25.10	25.10	9.40	1.00	0.00	0.00
22.00	26.00	25.30	25.20	25.10	25.20	9.70	0.70	0.00	0.00
22.10	25.80	25.30	25.10	25.00	25.00	9.40	0.00	0.00	0.00
22.20	25.80	25.30	25.10	25.00	25.00	9.30	0.70	0.00	0.00
22.30	25.80	25.20	25.00	25.00	25.00	9.60	0.30	0.00	0.00
22.40	26.00	25.30	25.20	25.20	25.20	9.10	0.50	0.00	0.00
22.50	26.00	25.30	25.20	25.20	25.20	9.40	0.00	0.00	0.00
22.60	26.00	25.40	25.20	25.20	25.20	9.30	0.30	0.00	0.00
22.70	26.00	25.30	25.20	25.20	25.20	9.60	0.20	0.00	0.00
22.80	26.00	25.30	25.20	25.20	25.20	9.90	0.70	0.00	0.00
22.90	25.90	25.20	25.10	25.10	25.10	9.60	0.00	0.00	0.00
23.00	25.90	25.20	25.10	25.10	25.10	9.60	-0.30	0.00	0.00
23.10	25.90	25.30	25.10	25.20	25.10	9.60	-0.30	0.00	0.00
23.20	25.80	25.20	25.10	25.10	25.10	9.40	-0.10	0.00	0.00
23.30	25.80	25.20	25.10	25.10	25.10	9.00	0.50	0.00	0.00
23.40	25.90	25.30	25.20	25.10	25.10	9.70	1.10	0.00	0.00
23.50	25.90	25.40	25.20	25.20	25.20	9.30	0.50	0.00	0.00
23.60	25.90	25.40	25.20	25.20	25.20	9.70	0.70	0.00	0.00
23.70	26.00	25.40	25.10	25.00	25.10	9.30	0.50	0.00	0.00
23.80	25.80	25.20	25.20	25.00	24.90	9.30	1.10	0.00	0.00
23.90	25.80	25.20	25.20	25.00	24.90	9.40	0.70	0.00	0.00
24.00	25.90	25.30	25.10	25.10	24.80	9.40	0.70	0.00	0.00
24.10	26.00	25.30	25.20	25.20	24.90	9.70	0.70	0.00	0.00
24.20	26.00	25.30	25.20	25.20	24.90	9.40	0.50	0.00	0.00
24.30	25.90	25.40	25.20	25.10	24.90	9.40	-0.90	0.00	0.00
24.40	26.00	25.30	25.30	25.10	24.90	9.30	1.00	0.00	0.00
24.50	26.00	25.30	25.30	25.10	24.90	9.40	0.20	0.00	0.00
24.60	25.90	25.30	25.00	25.10	24.80	9.30	0.80	0.00	0.00
24.70	25.90	25.20	25.20	25.10	24.80	9.10	1.00	0.00	0.00
24.80	25.90	25.20	25.20	25.10	24.80	9.00	0.20	0.00	0.00
24.90	25.80	25.20	25.20	25.10	24.80	9.40	0.50	0.00	0.00
25.00	25.80	25.30	25.10	25.10	24.70	9.60	0.70	0.00	0.00
25.10	25.80	25.30	25.10	25.10	24.70	9.40	0.80	0.00	0.00
25.20	25.90	25.40	25.30	25.10	24.80	9.00	0.80	0.00	0.00
25.30	25.90	25.40	25.30	25.10	24.80	9.60	0.50	0.00	0.00
25.40	25.80	25.50	25.10	25.10	24.80	9.30	0.70	0.00	0.00
25.50	25.80	25.30	25.20	25.10	24.80	10.20	0.70	0.00	0.00
25.60	25.80	25.30	25.20	25.10	24.80	9.40	0.70	0.00	0.00
25.70	25.90	25.40	25.20	25.40	24.90	9.10	0.50	0.00	0.00
25.80	25.80	25.30	25.10	25.10	24.70	9.10	0.50	0.00	0.00
25.90	25.80	25.30	25.10	25.10	24.70	9.10	0.30	0.00	0.00
26.00	25.70	25.30	25.10	25.10	24.70	9.00	0.30	0.00	0.00
26.10	25.80	25.30	25.20	25.10	24.90	9.40	0.80	0.00	0.00
26.20	25.80	25.30	25.20	25.10	24.90	9.30	0.30	0.00	0.00
26.30	25.80	25.30	25.20	25.20	24.80	9.70	0.70	0.00	0.00
26.40	25.80	25.30	25.20	25.20	24.80	9.30	0.30	0.00	0.00
26.50	25.80	25.30	25.20	25.20	24.80	9.40	0.30	0.00	0.00
26.60	25.80	25.30	25.10	25.00	24.70	9.30	0.20	0.00	0.00
26.70	25.80	25.30	25.10	25.00	24.70	9.00	0.30	0.00	0.00
26.80	25.70	25.20	25.00	25.00	24.70	9.00	0.30	0.00	0.00
26.90	25.80	25.30	25.20	25.10	24.80	9.30	0.30	0.00	0.00
27.00	25.80	25.30	25.20	25.10	24.80	9.30	0.20	0.00	0.00
27.10	25.80	25.40	25.20	25.00	24.70	8.50	0.70	0.00	0.00
27.20	25.70	25.30	25.10	25.20	24.70	9.70	1.60	0.00	0.00
27.30	25.70	25.30	25.10	25.20	24.70	9.40	1.00	0.00	0.00
27.40	25.80	25.30	25.10	25.20	24.70	9.30	0.70	0.00	0.00
27.50	25.80	25.30	25.10	25.20	24.70	9.40	0.30	0.00	0.00
27.60	25.70	25.20	25.10	25.10	24.70	9.40	0.50	0.00	0.00
27.70	25.70	25.20	25.00	25.10	24.70	9.30	0.80	0.00	0.00
27.80	25.70	25.20	25.00	25.10	24.70	9.60	1.30	0.00	0.00
27.90	25.70	25.20	25.20	25.20	24.80	9.60	0.80	0.00	0.00
28.00	25.70	25.20	25.00	25.00	24.70	9.60	-0.30	0.00	0.00
28.10	25.70	25.20	25.00	25.00	24.70	9.10	0.70	0.00	0.00
28.20	25.80	25.20	25.00	25.00	24.70	9.70	0.80	0.00	0.00
28.30	25.80	25.30	25.10	25.20	24.80	9.40	0.20	0.00	0.00
28.40	25.80	25.30	25.10	25.20	24.80	9.40	0.70	-0.04	0.00
28.50	25.70	25.20	25.20	25.10	24.70	9.70	0.70	-0.05	0.00
28.60	25.80	25.30	25.10	25.10	24.90	9.00	0.80	-0.06	0.00
28.70	25.80	25.30	25.10	25.10	24.90	9.00	0.80	-0.06	0.00
28.80	25.70	25.40	25.20	25.20	24.80	9.30	0.30	-0.06	0.00
28.90	25.80	25.40	25.10	25.20	24.90	9.40	0.50	0.90	0.00
29.00	25.80	25.40	25.10	25.20	24.90	9.30	0.80	11.73	0.00
29.10	25.70	25.30	25.10	25.10	24.90	9.30	0.70	40.99	0.00
29.20	25.70	25.30	25.10	25.10	24.90	9.00	0.70	40.40	0.00
29.30	25.80	25.40	25.10	25.10	25.00	9.10	0.80	39.50	0.00
29.40	25.60	25.20	25.10	25.00	24.90	9.30	0.70	38.82	0.00
29.50	25.60	25.20	25.10	25.00	24.90	9.30	0.80	40.07	0.00
29.60	25.80	25.40	25.20	25.20	25.20	9.30	0.80	44.44	0.00
29.70	25.70	25.30	25.20	25.10	25.20	9.00	0.30	47.32	0.00
29.80	25.70	25.30	25.20	25.10	25.20	9.90	0.50	48.45	0.00
29.90	25.70	25.10	25.00	24.90	25.20	9.30	0.70	48.66	0.00
30.00	25.60	25.10	25.00	25.10	25.30	9.10	0.00	48.52	0.00
30.10	25.60	25.10	25.00	25.10	25.30	9.30	-0.30	48.05	0.00
30.20	25.70	25.10	25.30	25.00	25.50	9.40	0.20	47.49	0.00
30.30	25.70	25.20	25.20	25.20	25.60	9.40	0.30	47.31	0.00
30.40	25.70	25.20	25.20	25.20	25.60	9.60	0.00	46.93	0.00
30.50	25.70	25.10	25.10	25.10	25.50	9.30	0.00	47.89	0.00
30.60	25.70	25.30	25.20	25.10	25.60	9.30	0.00	47.86	0.00
30.70	25.70	25.30	25.20	25.10	25.60	9.60	-0.40	47.60	0.00
30.80	25.70	25.30	25.20	25.10	25.70	9.30	-0.10	47.66	0.00
30.90	25.60	25.10	25.10	25.10	25.50	9.40	-0.70	47.28	0.00
31.00	25.60	25.10	25.10	25.10	25.50	9.60	-0.60	43.74	0.00
31.10	25.80	25.20	25.30	25.20	25.70	9.10	-0.70	39.06	0.00
31.20	25.70	25.00	25.20	24.90	25.50	9.40	-0.60	36.44	0.00
31.30	25.70	25.00	25.20	24.90	25.50	9.30	-0.40	35.00	0.00
31.40	25.60	25.00	25.20	25.10	25.50	7.90	-0.70	34.15	0.00
31.50	25.60	25.00	25.20	25.10	25.50	7.90	-0.70	33.45	0.00
31.60	25.80	25.10	25.20	25.10	25.60	9.30	-1.00	33.09	0.00
31.70	25.70	25.00	25.10	25.10	25.40	9.30	-0.70	32.84	0.00
31.80	25.70	25.00	25.10	25.10	25.40	9.60	-1.30	32.62	0.00
31.90	25.60	24.90	25.10	25.10	25.40	9.30	-0.90	32.39	0.00
32.00	25.60	24.90	25.00	25.10	25.40	9.40	-2.10	32.32	0.00
32.10	25.60	24.90	25.00	25.10	25.40	9.40	-0.60	32.12	0.00
32.20	25.70	24.80	25.20	25.10	25.40	9.30	-0.70	32.07	0.00
32.30	25.70	24.80	25.20	25.00	25.50	9.30	-1.70	32.03	0.00
32.40	25.70	24.80	25.20	25.00	25.50	9.30	-1.70	32.02	0.00
32.50	25.70	24.90	25.20	25.10	25.40	9.70	-0.40	31.96	0.00
32.60	25.70	24.90	25.20	25.10	25.40	9.10	-1.30	31.98	0.00
32.70	25.60	24.80	25.20	25.20	25.40	9.00	-1.30	31.93	0.00
32.80	25.60	24.70	25.10	25.00	25.30	9.70	-0.40	31.91	0.00
32.90	25.60	24.70	25.10	25.00	25.30	9.00	-1.30	31.89	0.00
33.00	25.70	24.80	25.20	25.10	25.40	9.30	-1.70	31.96	0.00
33.10	25.70	24.70	25.10	25.00	25.30	9.40	-2.10	31.91	0.00
33.20	25.70	24.70	25.10	25.00	25.30	9.30	-1.80	31.87	0.00
33.30	25.70	24.70	25.10	25.10	25.30	9.30	-1.70	31.91	0.00
33.40	25.80	24.80	25.20	25.10	25.30	9.30	-1.70	31.92	0.00
33.50	25.80	24.80	25.20	25.10	25.30	9.60	-1.70	31.84	0.00
33.60	25.50	24.50	25.20	25.00	25.30	10.40	-1.80	31.92	0.00
33.70	25.60	24.40	25.10	25.10	25.30	9.00	-2.30	31.85	0.00
33.80	25.60	24.40	25.10	25.10	25.30	9.00	-1.70	31.87	0.00
33.90	25.60	24.60	25.00	25.00	25.20	9.60	-2.00	31.87	0.00
34.00	25.60	24.70	25.10	25.00	25.20	9.30	-2.60	31.87	0.00
34.10	25.60	24.70	25.10	25.00	25.20	9.40	-2.10	31.84	0.00
34.20	25.70	24.60	25.10	25.20	25.30	9.30	-2.00	31.85	0.00
34.30	25.60	24.60	25.10	25.00	25.10	9.30	-2.00	31.94	0.00
34.40	25.60	24.60	25.10	25.00	25.10	9.30	-2.30	31.87	0.00
34.50	25.60	24.60	25.20	25.10	25.30	9.40	-2.30	31.85	0.00
34.60	25.60	24.60	25.20	25.10	25.30	9.60	-2.00	31.91	0.00
34.70	25.60	24.70	25.00	25.10	25.20	9.40	-2.40	31.86	0.00
34.80	25.70	24.50	25.20	25.10	25.30	9.30	-2.00	31.87	0.00
34.90	25.70	24.60	25.20	25.20	25.20	9.70	-2.30	31.89	0.00
35.00	25.70	24.60	25.20	25.20	25.20	9.10	-2.10	31.85	0.00
35.10	25.70	24.70	25.30	25.20	25.30	9.40	-2.60	31.85	0.00
35.20	25.70	24.70	25.30	25.20	25.30	9.00	-2.40	31.85	0.00
35.30	25.60	24.60	25.10	25.10	25.20	9.00	-2.40	31.90	0.00
35.40	25.60	24.60	25.20	25.10	25.10	9.40	-2.70	31.89	0.00
35.50	25.60	24.60	25.20	25.10	25.10	9.40	-2.60	31.86	0.00
35.60	25.50	24.50	25.20	25.00	25.10	9.30	-2.90	31.85	0.00
35.70	25.40	24.60	25.10	25.00	25.10	9.60	-2.30	31.90	0.00
35.80	25.40	24.60	25.10	25.00	25.10	9.10	-2.60	31.90	0.00
35.90	25.60	24.50	25.10	25.10	25.10	9.40	-2.90	31.86	0.00
36.00	25.50	24.50	25.10	25.10	25.30	9.10	-3.00	31.86	0.00
36.10	25.50	24.50	25.10	25.10	25.30	9.70	-2.60	31.84	0.00
36.20	25.60	24.40	25.10	25.20	25.20	9.30	-2.90	31.86	0.00
36.30	25.70	24.40	25.20	25.10	25.10	9.30	-2.90	31.86	0.00
36.40	25.70	24.40	25.20	25.10	25.10	9.30	-3.20	31.89	0.00
36.50	25.70	24.30	25.10	25.20	25.20	9.40	-2.90	31.83	0.00
36.60	25.70	24.30	25.10	25.20	25.20	9.00	-2.70	31.86	0.00
36.70	25.60	24.30	25.00	25.10	25.10	9.00	-2.70	31.93	0.00
36.80	25.60	24.30	25.20	25.20	25.20	9.00	-3.00	31.86	0.00
36.90	25.60	24.30	25.20	25.20	25.20	9.40	-2.40	31.90	0.00
37.00	25.50	24.30	25.10	25.10	25.20	9.30	-3.50	31.92	0.00
37.10	25.50	24.20	25.10	25.10	25.20	9.30	-3.00	31.86	0.00
37.20	25.50	24.20	25.10	25.10	25.20	9.30	-3.00	31.84	0.00
37.30	25.50	24.30	25.10	25.10	25.20	9.30	-3.00	31.90	0.00
37.40	25.50	24.30	25.10	25.10	25.20	9.60	-2.60	31.86	0.00
37.50	25.50	24.30	25.10	25.10	25.20	9.30	-3.30	31.84	0.00
37.60	25.60	24.40	25.20	25.20	25.20	9.40	-2.10	31.84	0.00
37.70	25.60	24.40	25.10	25.10	25.20	9.60	-2.60	31.84	0.00
37.80	25.60	24.40	25.10	25.10	25.20	9.40	-2.70	31.84	0.00
37.90	25.50	24.40	25.10	25.10	25.10	9.30	-3.00	31.84	0.00
38.00	25.50	24.40	25.10	25.10	25.10	9.60	-2.90	31.85	0.00
38.10	25.50	24.40	25.10	25.10	25.10	9.10	-2.60	31.86	0.00
38.20	25.60	24.50	25.10	25.10	25.20	9.10	-2.60	31.86	0.00
38.30	25.60	24.50	25.10	25.10	25.20	9.40	-2.60	31.84	0.00
38.40	25.60	24.60	25.10	25.10	25.20	9.30	-2.30	31.84	0.00
38.50	25.60	24.50	25.20	25.10	25.20	9.60	-3.30	31.89	0.00
38.60	25.60	24.50	25.20	25.10	25.20	9.30	-2.90	31.87	0.00
38.70	25.50	24.50	25.10	25.00	25.10	9.40	-2.40	31.85	0.00
38.80	25.50	24.50	25.00	25.10	25.20	9.00	-2.60	31.81	0.00
38.90	25.50	24.50	25.00	25.10	25.20	9.30	-2.10	31.83	0.00
39.00	25.50	24.60	25.00	25.20	25.00	10.40	-2.40	31.85	0.00
39.10	25.40	24.50	25.10	25.10	25.10	10.40	-2.40	31.81	0.00
39.20	25.40	24.50	25.10	25.10	25.10	9.60	-2.40	31.87	0.00
39.30	25.70	24.60	25.10	25.10	25.10	9.30	-2.40	31.84	0.00
39.40	25.40	24.50	25.10	25.10	25.00	9.30	-2.40	31.79	0.00
39.50	25.40	24.50	25.10	25.10	25.00	9.40	-2.60	31.84	0.00
39.60	25.50	24.70	25.20	25.10	25.20	9.70	-1.50	31.80	0.00
39.70	25.50	24.70	25.20	25.10	25.00	9.40	-2.30	31.85	0.00
39.80	25.50	24.70	25.20	25.10	25.00	8.50	-2.10	31.84	0.00
39.90	25.40	24.60	25.10	25.00	25.10	9.30	-2.30	31.80	0.00
40.00	25.40	24.60	25.10	25.00	25.10	9.30	-2.30	31.84	0.00
40.10	25.60	24.70	25.10	25.20	25.20	9.30	-2.60	31.85	0.00
40.20	25.60	24.70	25.10	25.20	25.20	9.30	-2.60	31.81	0.00
40.30	25.60	24.70	25.10	25.10	25.10	9.60	-2.60	31.80	0.00
40.40	25.60	24.70	25.10	25.20	25.20	9.90	-2.60	31.87	0.00
40.50	25.60	24.70	25.10	25.20	25.20	9.30	-3.00	31.85	0.00
40.60	25.50	24.70	25.10	25.00	25.10	9.10	-4.40	31.84	0.00
40.70	25.50	24.70	25.10	25.10	25.10	9.10	-2.70	31.85	0.00
40.80	25.50	24.70	25.10	25.10	25.10	9.60	-2.40	31.85	0.00
40.90	25.50	24.70	25.10	25.10	25.10	9.30	-2.60	31.80	0.00
41.00	25.60	24.80	25.10	25.10	25.10	9.30	-2.60	31.85	0.00
41.10	25.60	24.80	25.10	25.10	25.10	9.40	-2.70	31.85	0.00
41.20	25.50	24.70	25.10	25.20	25.10	9.30	-2.00	31.86	0.00
41.30	25.50	24.70	25.10	25.20	25.10	9.60	-2.70	31.85	0.00
41.40	25.50	24.70	25.10	25.00	25.10	9.40	-2.30	31.85	0.00
41.50	25.50	24.70	25.10	25.00	25.10	9.60	-2.30	31.85	0.00
41.60	25.50	24.80	25.30	25.10	25.20	9.70	-2.00	31.85	0.00
41.70	25.50	24.80	25.20	25.30	25.10	9.40	-2.70	4.14	0.00
41.80	25.50	24.80	25.20	25.30	25.10	9.40	-5.30	3.88	0.00
41.90	25.60	24.70	25.20	25.10	25.10	8.80	-2.70	3.71	0.00
42.00	25.60	24.70	25.20	25.10	25.10	8.80	-2.70	3.53	0.00
42.10	25.60	24.70	25.10	25.10	25.00	9.60	-2.40	3.32	0.00
42.20	25.50	24.70	25.10	25.10	24.90	9.40	-2.70	3.16	0.00
42.30	25.50	24.70	25.10	25.10	24.90	8.80	-2.40	3.03	0.00
42.40	25.60	24.70	25.10	25.10	25.00	9.40	-2.60	2.87	0.00
42.50	25.60	24.90	25.30	25.20	25.00	9.40	-2.00	2.72	0.00
42.60	25.60	24.90	25.30	25.20	25.00	9.30	-2.30	2.59	0.00
42.70	25.40	24.70	25.10	25.10	24.90	9.30	-2.70	0.00	0.00
42.80	25.50	24.80	25.10	25.10	24.90	9.10	-2.40	0.00	0.00
42.90	25.50	24.80	25.10	25.10	24.90	9.40	-2.40	0.00	0.00
43.00	25.50	24.80	25.20	25.20	24.90	9.40	-2.40	0.00	0.00
43.10	25.50	24.80	25.20	25.20	24.90	9.60	-2.60	0.00	0.00
43.20	25.60	24.80	25.30	25.20	25.00	9.10	-2.40	0.00	0.00
43.30	25.60	24.80	25.30	25.20	25.00	9.70	-2.60	0.00	0.00
43.40	25.60	24.70	25.10	25.20	24.90	9.10	-2.40	0.00	0.00
43.50	25.40	24.70	25.00	25.10	24.70	9.00	-2.60	0.00	0.00
43.60	25.40	24.70	25.00	25.10	24.70	9.60	-2.00	0.00	0.00
43.70	25.50	24.70	25.10	25.00	24.80	9.40	-2.10	0.00	0.00
43.80	25.40	24.70	25.00	25.10	24.70	9.00	-2.30	0.00	0.00
43.90	25.40	24.70	25.00	25.10	24.70	9.00	-2.30	0.00	0.00
44.00	25.60	24.80	25.20	25.20	24.70	9.00	-2.30	0.00	0.00
44.10	25.50	24.90	25.00	25.10	24.80	9.10	-2.30	0.00	0.00
44.20	25.50	24.90	25.00	25.10	24.80	10.20	-2.70	0.00	0.00
44.30	25.50	24.80	25.10	25.20	24.80	9.30	-2.10	0.00	0.00
44.40	25.50	24.70	25.20	25.10	24.80	9.30	-2.70	0.00	0.00
44.50	25.50	24.70	25.20	25.10	24.80	7.30	-2.30	0.00	0.00
44.60	25.50	24.80	25.10	25.10	24.80	9.30	-2.70	0.00	0.00
44.70	25.50	24.80	25.10	25.10	24.80	9.40	-2.90	0.00	0.00
44.80	25.50	24.90	25.10	25.10	24.80	8.80	-2.60	0.00	0.00
44.90	25.40	24.80	25.10	25.00	24.80	8.80	-2.60	0.00	0.00
45.00	25.40	24.80	25.10	25.00	24.80	9.30	-2.90	0.00	0.00
45.10	25.60	24.80	25.20	25.10	24.80	9.90	-2.60	0.00	0.00
45.20	25.60	24.90	25.20	25.10	24.80	10.00	-2.70	0.00	0.00
45.30	25.60	24.90	25.20	25.10	24.80	9.30	-2.30	0.00	0.00
45.40	25.50	24.80	25.10	25.10	24.90	9.30	-2.10	0.00	0.00
45.50	25.60	24.80	25.20	25.20	25.00	9.30	-2.70	0.00	0.00
45.60	25.60	24.80	25.20	25.20	25.00	9.40	-2.30	0.00	0.00
45.70	25.40	24.80	25.10	25.10	24.90	9.40	-2.60	0.00	0.00
45.80	25.40	24.80	25.10	25.10	24.90	9.30	-2.10	0.00	0.00
45.90	25.40	24.80	25.00	25.10	24.90	9.90	-1.80	0.00	0.00
46.00	25.50	24.80	25.20	25.20	25.00	9.30	-2.60	0.00	0.00
46.10	25.50	24.80	25.20	25.20	25.00	9.10	-2.40	0.00	0.00
46.20	25.60	24.80	25.30	25.10	25.00	9.30	-1.80	0.00	0.00
46.30	25.60	25.00	25.20	25.20	25.10	9.40	-2.70	0.00	0.00
46.40	25.60	25.00	25.20	25.20	25.10	9.90	-2.60	0.00	0.00
46.50	25.50	24.90	25.20	25.20	24.90	9.30	-2.60	0.00	0.00
46.60	25.30	24.80	25.00	25.10	24.80	9.60	-2.10	0.00	0.00
46.70	25.30	24.80	25.00	25.10	24.80	9.30	-2.10	0.00	0.00
46.80	25.30	24.70	25.20	25.20	24.80	9.30	-2.10	0.00	0.00
46.90	25.40	24.80	25.10	25.10	24.80	9.10	-2.30	0.00	0.00
47.00	25.40	24.80	25.10	25.10	24.80	9.60	-2.60	0.00	0.00
47.10	25.50	24.90	25.10	25.20	24.90	9.60	-2.90	0.00	0.00
47.20	25.50	24.70	25.10	25.00	24.90	9.40	-2.30	0.00	0.00
47.30	25.50	24.70	25.10	25.00	24.90	9.10	-2.70	0.00	0.00
47.40	25.60	24.80	25.20	25.20	24.90	9.40	-2.30	0.00	0.00
47.50	25.50	24.80	25.10	25.10	24.90	9.40	-2.30	0.00	0.00
47.60	25.50	24.80	25.10	25.10	24.90	9.60	-2.30	0.00	0.00
47.70	25.40	24.80	25.20	25.20	24.90	9.60	-2.30	0.00	0.00
47.80	25.50	24.90	25.00	25.10	25.00	9.30	-2.60	0.00	0.00
47.90	25.50	24.90	25.00	25.10	25.00	9.30	-2.00	0.00	0.00
48.00	25.50	24.80	25.10	25.10	25.00	9.70	-2.30	0.00	0.00
48.10	25.30	24.90	25.10	25.10	24.90	9.10	-2.60	0.00	0.00
48.20	25.30	24.90	25.10	25.10	24.90	9.00	-2.30	0.00	0.00
48.30	25.40	24.80	25.00	25.10	25.00	9.40	-2.40	0.00	0.00
48.40	25.50	24.90	25.30	25.10	24.90	9.10	-2.60	0.00	0.00
48.50	25.50	24.90	25.30	25.10	24.90	9.60	-2.40	0.00	0.00
48.60	25.50	25.00	25.20	25.20	25.00	9.60	-2.60	0.00	0.00
48.70	25.40	24.70	25.10	25.00	24.90	9.60	-2.60	0.00	0.00
48.80	25.40	24.70	25.10	25.00	24.90	9.30	-2.30	0.00	0.00
48.90	25.30	24.70	25.10	24.90	24.80	9.60	-2.10	0.00	0.00
49.00	25.40	24.80	25.20	25.10	24.90	9.70	-2.40	0.00	0.00
49.10	25.40	24.80	25.20	25.10	24.90	9.40	-2.70	0.00	0.00
49.20	25.50	24.80	25.10	25.00	25.00	9.60	-2.10	0.00	0.00
49.30	25.50	24.80	25.10	25.00	25.00	9.30	-2.60	0.00	0.00
49.40	25.60	24.80	25.20	25.20	25.00	9.30	-2.70	0.00	0.00
49.50	25.40	24.90	25.20	25.10	24.90	9.40	-2.30	0.00	0.00
49.60	25.40	24.90	25.20	25.10	24.90	9.40	-2.30	0.00	0.00
49.70	25.40	25.00	25.20	25.20	25.00	9.40	-2.60	0.00	0.00
49.80	25.50	24.90	25.20	25.20	24.90	9.40	-2.60	0.00	0.00
49.90	25.50	24.90	25.20	25.20	24.90	9.00	-2.70	0.00	0.00
50.00	25.40	24.80	25.10	25.00	24.80	9.70	-2.30	0.00	0.00
50.10	25.30	24.70	25.00	24.90	24.80	9.40	-2.30	0.00	0.00
50.20	25.30	24.70	25.00	24.90	24.80	9.40	-2.30	0.00	0.00
50.30	25.40	24.80	25.20	25.20	24.90	9.10	-2.90	0.00	0.00
50.40	25.40	24.80	25.10	25.00	24.90	9.30	-2.40	0.00	0.00
50.50	25.40	24.80	25.10	25.00	24.90	9.30	-2.40	0.00	0.00
50.60	25.50	24.90	25.20	25.20	25.00	9.60	-2.30	0.00	0.00
50.70	25.50	24.90	25.10	25.10	25.00	9.40	-2.30	0.00	0.00
50.80	25.50	24.90	25.10	25.10	25.00	9.30	-2.10	0.00	0.00
50.90	25.40	24.90	25.10	25.20	25.00	9.70	-2.30	0.00	0.00
51.00	25.40	24.90	25.20	25.20	25.00	9.30	-2.10	0.00	0.00
51.10	25.40	24.90	25.20	25.20	25.00	8.80	-2.60	0.00	0.00
51.20	25.40	24.80	25.20	25.20	25.00	9.70	-2.40	0.00	0.00
51.30	25.50	24.80	25.20	25.20	25.00	9.40	-2.30	0.00	0.00
51.40	25.50	24.80	25.20	25.20	25.00	9.40	-2.10	0.00	0.00
51.50	25.40	24.70	25.10	25.10	24.90	9.40	-2.10	0.00	0.00
51.60	25.40	24.70	25.10	25.10	24.90	9.30	-2.30	0.00	0.00
51.70	25.40	24.90	25.20	25.20	25.00	9.30	-2.40	0.00	0.00
51.80	25.40	24.80	25.10	25.10	24.90	9.40	-2.40	0.00	0.00
51.90	25.30	24.80	25.10	25.00	24.90	9.10	-2.10	0.00	0.00
52.00	25.30	24.80	25.10	25.00	24.90	9.00	-2.40	0.00	0.00
52.10	25.40	24.80	25.20	25.10	25.00	8.50	-2.10	0.00	0.00
52.20	25.40	24.80	25.20	25.10	25.00	9.30	-2.60	0.00	0.00
52.30	25.50	24.90	25.20	25.20	25.10	9.10	-2.60	0.00	0.00
52.40	25.50	25.00	25.20	25.20	25.20	9.10	-2.60	0.00	0.00
52.50	25.50	25.00	25.20	25.20	25.20	9.30	-2.60	0.00	0.00
52.60	25.60	24.90	25.20	25.10	25.10	9.40	-2.30	0.00	0.00
52.70	25.60	24.90	25.20	25.10	25.10	9.10	-2.70	0.00	0.00
52.80	25.40	24.90	25.10	25.20	25.00	9.00	-2.60	0.00	0.00
52.90	25.30	24.80	25.00	25.00	24.80	9.10	-2.60	0.00	0.00
53.00	25.30	24.80	25.00	25.00	24.80	9.00	-2.30	0.00	0.00
53.10	25.40	24.90	25.20	25.10	25.00	9.30	-2.30	0.00	0.00
53.20	25.40	25.00	25.10	25.10	25.00	9.60	-2.90	0.00	0.00
53.30	25.40	25.00	25.10	25.10	25.00	9.30	-2.60	0.00	0.00
53.40	25.50	24.80	25.20	25.10	24.90	9.30	-2.60	0.00	0.00
53.50	25.50	24.80	25.20	25.10	24.90	9.10	-2.60	0.00	0.00
53.60	25.50	25.00	25.30	25.20	25.10	9.00	-2.10	0.00	0.00
53.70	25.50	24.90	25.10	25.20	25.20	9.40	-2.70	0.00	0.00
53.80	25.50	24.90	25.10	25.20	25.20	9.60	-2.60	0.00	0.00
53.90	25.40	25.00	25.20	25.10	25.00	9.40	-1.80	0.00	0.00
54.00	25.40	25.00	25.20	25.10	25.00	9.40	-2.60	0.00	0.00
54.10	25.50	25.00	25.20	25.30	25.00	9.60	-2.00	0.00	0.00
54.20	25.40	24.90	25.10	25.10	24.90	9.40	-2.70	0.00	0.00
54.30	25.40	24.90	25.10	25.10	24.90	9.40	-2.70	0.00	0.00
54.40	25.40	24.80	25.00	25.00	25.00	9.10	-2.30	0.00	0.00
54.50	25.30	24.90	25.10	25.10	25.00	9.30	-2.60	0.00	0.00
54.60	25.30	24.90	25.10	25.10	25.00	9.60	-1.30	0.00	0.00
54.70	25.30	24.80	25.00	25.10	25.00	9.30	-2.40	0.00	0.00
54.80	25.30	25.60	25.20	25.20	25.10	9.10	-2.90	0.00	0.00
54.90	25.30	25.60	25.20	25.20	25.10	6.50	3.40	0.00	0.00
55.00	24.40	28.20	25.10	25.40	25.10	5.00	4.80	0.00	0.00
55.10	23.10	28.30	25.10	25.20	24.90	4.80	5.40	0.00	0.00
55.20	23.10	28.30	25.10	25.20	24.90	4.80	5.10	0.00	0.00
55.30	22.40	28.10	24.90	25.10	24.90	4.80	5.10	0.00	0.00
55.40	22.40	28.10	24.90	25.10	24.90	5.00	5.40	0.00	0.00
55.50	21.40	27.70	25.00	25.00	24.90	5.00	3.00	0.00	0.00
55.60	21.40	27.70	25.00	25.00	24.90	5.30	5.10	0.00	0.00
55.70	21.30	27.80	25.10	25.20	25.10	4.80	5.00	0.00	0.00
55.80	21.20	27.50	25.00	25.10	24.90	4.80	5.90	0.00	0.00
55.90	21.20	27.50	25.00	25.10	24.90	5.00	5.60	0.00	0.00
56.00	21.20	27.30	25.20	25.10	25.10	5.70	5.60	0.00	0.00
56.10	21.60	27.20	25.20	25.30	25.10	4.80	5.60	0.00	0.00
56.20	21.60	27.20	25.20	25.30	25.10	5.40	5.70	0.00	0.00
56.30	21.40	27.10	25.20	25.20	25.00	5.40	5.60	0.00	0.00
56.40	21.40	27.10	25.20	25.20	25.00	4.50	5.60	0.00	0.00
56.50	21.80	26.90	25.10	25.20	25.00	5.00	5.60	0.00	0.00
56.60	21.70	27.00	25.10	25.10	24.90	4.80	5.40	0.00	0.00
56.70	21.70	27.00	25.10	25.10	24.90	5.40	5.60	0.00	0.00
56.80	22.00	27.20	25.00	25.10	25.00	4.80	5.70	0.00	0.00
56.90	22.20	27.30	25.00	25.20	25.10	5.30	5.30	0.00	0.00
57.00	22.20	27.30	25.00	25.20	25.10	4.80	5.70	0.00	0.00
57.10	22.30	27.20	25.10	25.20	25.00	5.30	5.70	0.00	0.00
57.20	22.60	27.10	25.00	25.20	25.10	5.30	5.70	0.00	0.00
57.30	22.60	27.10	25.00	25.20	25.10	5.30	6.00	0.00	0.00
57.40	22.70	27.30	25.10	25.20	24.90	5.00	5.30	0.00	0.00
57.50	22.70	27.20	25.00	25.10	24.90	5.70	5.60	0.00	0.00
57.60	22.70	27.20	25.00	25.10	24.90	5.40	4.00	0.00	0.00
57.70	23.10	27.00	25.20	25.10	25.10	4.80	5.60	0.00	0.00
57.80	23.30	27.10	25.30	25.20	25.10	5.60	5.30	0.00	0.00
57.90	23.30	27.10	25.30	25.20	25.10	5.30	5.70	0.00	0.00
58.00	23.30	27.30	25.10	25.20	25.00	5.30	5.10	0.00	0.00
58.10	23.50	27.10	25.20	25.20	25.00	5.30	5.10	0.00	0.00
58.20	23.50	27.10	25.20	25.20	25.00	5.10	5.60	0.00	0.00
58.30	23.50	27.30	25.00	25.10	25.10	5.10	4.80	0.00	0.00
58.40	23.50	27.30	25.00	25.10	25.10	4.30	4.00	0.00	0.00
58.50	23.40	27.00	25.00	25.10	25.10	3.60	3.70	0.00	0.00
58.60	22.70	26.70	25.10	25.00	25.00	2.70	2.80	0.00	0.00
58.70	22.70	26.70	25.10	25.00	25.00	2.50	2.50	0.00	0.00
58.80	22.20	26.80	25.00	25.20	25.00	2.70	2.20	0.00	0.00
58.90	21.60	26.50	25.00	25.20	25.00	2.20	1.60	0.00	0.00
59.00	21.60	26.50	25.00	25.20	25.00	2.00	1.40	0.00	0.00
59.10	21.00	26.10	25.00	25.00	25.00	2.00	1.40	0.00	0.00
59.20	20.20	26.20	24.90	25.00	25.00	1.00	1.40	0.00	0.00
59.30	20.20	26.20	24.90	25.00	25.00	1.10	0.80	0.00	0.00
59.40	20.00	26.10	25.00	25.10	25.00	1.30	0.80	0.00	0.00
59.50	19.60	25.70	25.10	25.10	24.90	0.50	0.70	0.00	0.00
59.60	19.60	25.70	25.10	25.10	24.90	0.70	0.70	0.00	0.00
59.70	19.40	25.80	25.00	25.10	25.10	0.50	0.50	0.00	0.00
59.80	19.10	25.70	25.10	25.10	25.00	0.30	0.80	0.00	0.00
59.90	19.10	25.70	25.10	25.10	25.00	0.70	0.70	0.00	0.00
60.00	19.30	25.70	25.10	25.20	25.10	0.70	0.70	0.00	0.00
60.10	19.30	25.70	25.10	25.20	25.10	0.00	0.30	0.00	0.00
60.20	19.10	25.40	25.20	25.10	25.10	0.30	0.80	0.00	0.00
60.30	19.20	25.30	24.90	25.10	24.80	0.80	0.30	0.00	0.00
60.40	19.20	25.30	24.90	25.10	24.80	0.30	0.50	0.00	0.00
60.50	19.60	25.20	25.10	25.10	25.10	0.30	0.20	0.00	0.00
60.60	19.70	25.40	25.00	25.20	25.00	0.20	0.70	0.00	0.00
60.70	19.70	25.40	25.00	25.20	25.00	0.00	0.70	0.00	0.00
60.80	19.90	24.90	24.90	25.00	25.00	0.00	0.70	0.00	0.00
60.90	19.90	24.90	24.90	25.00	25.00	0.00	0.70	0.00	0.00
61.00	20.30	25.10	25.10	25.10	25.00	0.00	0.30	0.00	0.00
61.10	20.60	25.20	25.10	25.20	25.00	0.70	1.00	0.00	0.00
61.20	20.60	25.20	25.10	25.20	25.00	0.30	0.50	0.00	0.00
61.30	20.90	25.30	25.10	25.20	25.00	-1.80	0.80	0.00	0.00
61.40	21.10	25.30	25.00	25.20	25.10	-0.10	0.30	0.00	0.00
61.50	21.10	25.30	25.00	25.20	25.10	-2.00	1.10	0.00	0.00
61.60	21.00	25.20	25.10	25.10	24.90	-0.30	0.50	0.00	0.00
61.70	21.10	25.20	25.00	25.10	24.90	0.30	0.80	0.00	0.00
61.80	21.10	25.20	25.00	25.10	24.90	0.00	0.30	0.00	0.00
61.90	21.50	25.50	25.00	25.20	24.90	0.30	1.10	0.00	0.00
62.00	21.50	25.50	25.00	25.20	24.90	-0.10	0.50	0.00	0.00
62.10	21.70	25.50	25.00	25.10	25.00	-0.10	0.30	0.00	0.00
62.20	22.00	25.50	25.00	25.00	25.00	0.30	0.70	0.00	0.00
62.30	22.00	25.50	25.00	25.00	25.00	0.70	0.30	0.00	0.00
62.40	22.30	25.50	25.00	25.20	25.10	-0.30	0.30	0.00	0.00
62.50	22.10	25.40	25.00	25.00	24.90	0.20	0.70	0.00	0.00
62.60	22.10	25.40	25.00	25.00	24.90	0.00	1.40	0.00	0.00
62.70	22.40	25.60	25.00	25.00	25.00	0.30	0.80	0.00	0.00
62.80	22.60	25.50	25.20	25.20	25.00	0.30	0.80	0.00	0.00
62.90	22.60	25.50	25.20	25.20	25.00	0.20	0.50	0.00	0.00
63.00	22.60	25.60	25.00	25.10	24.90	0.00	0.80	0.00	0.00
63.10	22.60	25.60	25.00	25.10	24.90	0.30	0.80	0.00	0.00
63.20	22.80	25.50	25.00	25.10	24.90	-0.10	0.20	0.00	0.00
63.30	22.80	25.50	25.00	25.10	24.90	0.20	1.00	0.00	0.00
63.40	22.80	25.50	25.00	25.10	25.00	0.00	0.30	0.00	0.00
63.50	23.30	25.70	25.10	25.20	25.10	0.00	0.80	0.00	0.00
63.60	23.30	25.70	25.10	25.20	25.10	-0.40	0.70	0.00	0.00
63.70	23.10	25.40	25.10	25.10	25.10	0.20	0.80	0.00	0.00
63.80	23.10	25.50	25.00	25.10	24.90	0.20	0.80	0.00	0.00
63.90	23.10	25.50	25.00	25.10	24.90	0.20	0.50	0.00	0.00
64.00	23.30	25.70	25.10	25.10	25.20	0.30	0.20	0.00	0.00
64.10	23.30	25.70	25.10	25.10	25.20	0.50	0.30	0.00	0.00
64.20	23.30	25.60	25.10	25.10	25.00	-0.70	0.70	0.00	0.00
64.30	23.60	25.40	25.10	25.10	25.00	-0.10	0.50	0.00	0.00
64.40	23.60	25.40	25.10	25.10	25.00	0.00	0.30	0.00	0.00
64.50	23.40	25.50	25.10	25.10	24.90	-0.30	1.00	0.00	0.00
64.60	23.80	25.40	25.00	25.10	25.10	0.30	1.00	0.00	0.00
64.70	23.80	25.40	25.00	25.10	25.10	0.20	0.50	0.00	0.00
64.80	23.60	25.40	25.10	25.10	24.90	0.20	0.50	0.00	0.00
64.90	23.70	25.40	25.10	25.10	25.00	0.00	0.70	0.00	0.00
65.00	23.70	25.40	25.10	25.10	25.00	0.20	1.00	0.00	0.00
65.10	23.60	25.50	25.00	25.20	25.00	-0.30	0.30	0.00	0.00
65.20	23.80	25.30	25.10	25.20	25.10	0.00	1.00	0.00	0.00
65.30	23.80	25.30	25.10	25.20	25.10	0.00	0.30	0.00	0.00
65.40	24.00	25.60	25.20	25.20	25.20	0.20	0.70	0.00	0.00
65.50	23.70	25.60	25.10	25.10	24.90	0.00	0.80	0.00	0.00
65.60	23.70	25.60	25.10	25.10	24.90	0.20	0.50	0.00	0.00
65.70	23.90	25.70	25.10	25.20	25.00	0.20	0.50	0.00	0.00
65.80	23.90	25.70	25.10	25.20	25.00	0.20	1.00	0.00	0.00
65.90	23.90	25.50	25.20	25.10	25.00	-0.10	0.20	0.00	0.00
66.00	23.90	25.60	25.10	25.10	25.10	0.00	1.00	0.00	0.00
66.10	23.90	25.60	25.10	25.10	25.10	0.30	0.80	0.00	0.00
66.20	23.90	25.50	24.90	25.10	24.90	0.20	0.30	0.00	0.00
66.30	23.80	25.40	25.00	25.00	25.00	0.20	0.50	0.00	0.00
66.40	23.80	25.40	25.00	25.00	25.00	0.00	0.30	0.00	0.00
66.50	24.00	25.30	25.10	25.10	24.90	0.30	0.50	0.00	0.00
66.60	24.00	25.40	25.10	25.20	25.00	0.30	0.50	0.00	0.00
66.70	24.00	25.40	25.10	25.20	25.00	0.00	0.70	0.00	0.00
66.80	23.90	25.50	25.00	25.00	25.00	0.30	-1.70	0.00	0.00
66.90	24.20	25.50	25.10	25.10	25.00	0.50	0.30	0.00	0.00
67.00	24.20	25.50	25.10	25.10	25.00	0.50	0.50	0.00	0.00
67.10	24.10	25.50	25.10	25.00	25.10	-0.10	0.70	0.00	0.00
67.20	24.20	25.50	25.00	25.20	25.00	-0.10	0.50	0.00	0.00
67.30	24.20	25.50	25.00	25.20	25.00	-0.30	0.30	0.00	0.00
67.40	24.20	25.70	25.10	25.20	25.00	0.50	0.30	0.00	0.00
67.50	24.10	25.70	25.10	25.30	25.20	0.50	0.30	0.00	0.00
67.60	24.10	25.70	25.10	25.30	25.20	0.00	0.30	0.00	0.00
67.70	24.30	25.70	25.10	25.30	25.10	0.30	0.70	0.00	0.00
67.80	24.10	25.40	25.00	25.10	25.00	0.00	0.50	0.00	0.00
67.90	24.10	25.40	25.00	25.10	25.00	0.20	0.80	0.00	0.00
68.00	24.10	25.40	25.10	25.10	25.00	0.00	0.80	0.00	0.00
68.10	24.20	25.60	25.10	25.20	25.10	1.10	0.50	0.00	0.00
68.20	24.20	25.60	25.10	25.20	25.10	0.50	0.20	0.00	0.00
68.30	24.10	25.40	25.00	25.20	25.00	0.50	0.50	0.00	0.00
68.40	24.10	25.40	25.00	25.20	25.00	0.50	0.50	0.00	0.00
68.50	24.30	25.50	25.00	25.20	25.00	0.00	0.30	0.00	0.00
68.60	24.30	25.50	25.10	25.20	25.20	0.00	0.50	0.00	0.00
68.70	24.30	25.50	25.10	25.20	25.20	0.30	0.00	0.00	0.00
68.80	24.20	25.60	25.00	25.10	25.10	0.00	0.00	0.00	0.00
68.90	24.20	25.60	25.00	25.10	25.10	0.30	-0.60	0.00	0.00
69.00	24.40	25.40	25.10	25.30	25.10	0.20	0.30	0.00	0.00
69.10	24.20	25.60	25.10	25.10	25.00	-0.30	0.70	0.00	0.00
69.20	24.20	25.60	25.10	25.10	25.00	-0.10	0.20	0.00	0.00
69.30	24.30	25.60	25.10	25.20	25.10	0.20	0.30	0.00	0.00
69.40	24.20	25.50	25.00	25.20	25.00	0.20	0.30	0.00	0.00
69.50	24.20	25.50	25.00	25.20	25.00	0.30	0.80	0.00	0.00
69.60	24.30	25.40	25.20	25.20	25.10	-0.10	0.80	0.00	0.00
69.70	24.20	25.60	25.10	25.10	25.00	0.00	0.70	0.00	0.00
69.80	24.20	25.60	25.10	25.10	25.00	0.20	1.00	0.00	0.00
69.90	24.40	25.50	25.10	25.20	25.10	0.00	1.00	0.00	0.00
70.00	24.40	25.50	25.00	25.10	25.00	0.30	0.30	0.00	0.00
70.10	24.40	25.50	25.00	25.10	25.00	-2.10	0.80	0.00	0.00
70.20	24.40	25.30	25.10	25.10	24.90	0.00	0.00	0.00	0.00
70.30	24.40	25.30	25.10	25.10	24.90	0.70	0.50	0.00	0.00
70.40	24.30	25.30	25.10	25.10	24.90	0.70	0.50	0.00	0.00
70.50	24.40	25.50	25.30	25.10	25.10	0.50	0.50	0.00	0.00
70.60	24.40	25.50	25.30	25.10	25.10	-0.10	0.70	0.00	0.00
70.70	24.30	25.60	25.00	25.20	25.00	0.50	0.70	0.00	0.00
70.80	24.30	25.30	25.10	25.10	25.00	0.30	0.50	0.00	0.00
70.90	24.30	25.30	25.10	25.10	25.00	0.00	0.50	0.00	0.00
71.00	24.30	25.60	25.10	25.20	25.20	0.30	0.50	0.00	0.00
71.10	24.20	25.60	25.00	25.10	25.00	0.20	0.20	0.00	0.00
71.20	24.20	25.60	25.00	25.10	25.00	0.20	0.20	0.00	0.00
71.30	24.40	25.60	25.10	25.20	25.10	0.30	0.50	0.00	0.00
71.40	24.40	25.60	25.10	25.20	25.10	0.30	0.50	0.00	0.00
71.50	24.50	25.50	25.20	25.30	25.10	0.30	0.50	0.00	0.00
71.60	24.50	25.50	25.20	25.30	25.10	0.50	0.00	0.00	0.00
71.70	24.40	25.70	25.00	25.20	25.00	-0.10	0.50	0.00	0.00
71.80	24.40	25.70	25.10	25.10	25.00	0.00	0.70	0.00	0.00
71.90	24.40	25.70	25.10	25.10	25.00	0.00	0.50	0.00	0.00
72.00	24.20	25.50	25.10	25.00	25.00	0.50	0.70	0.00	0.00
72.10	24.30	25.40	25.20	25.10	25.00	-0.10	0.70	0.00	0.00
72.20	24.30	25.40	25.20	25.10	25.00	0.00	0.30	0.00	0.00
72.30	24.40	25.50	25.00	25.20	25.00	0.00	0.30	0.00	0.00
72.40	24.10	25.40	25.10	25.00	24.90	0.00	0.30	0.00	0.00
72.50	24.10	25.40	25.10	25.00	24.90	0.00	0.70	0.00	0.00
72.60	24.40	25.60	25.10	25.40	25.00	0.30	0.30	0.00	0.00
72.70	24.20	25.40	25.10	25.10	25.00	-1.50	0.50	0.00	0.00
72.80	24.20	25.40	25.10	25.10	25.00	0.00	0.50	0.00	0.00
72.90	24.30	25.50	25.10	25.10	25.10	0.20	0.80	0.00	0.00
73.00	24.30	25.60	25.00	25.00	25.00	-0.10	0.50	0.00	0.00
73.10	24.30	25.60	25.00	25.00	25.00	0.30	0.50	0.00	0.00
73.20	24.30	25.70	25.10	25.10	25.00	0.20	1.00	0.00	0.00
73.30	24.30	25.70	25.10	25.10	25.00	0.20	1.00	0.00	0.00
73.40	24.60	25.30	25.20	25.10	25.00	0.20	1.00	0.00	0.00
73.50	24.40	25.60	25.10	25.20	25.10	0.20	0.80	0.00	0.00
73.60	24.40	25.60	25.10	25.20	25.10	0.20	0.70	0.00	0.00
73.70	24.20	25.40	25.20	25.00	25.00	-1.00	1.00	0.00	0.00
73.80	24.50	25.40	25.10	25.00	25.10	0.30	0.00	0.00	0.00
73.90	24.50	25.40	25.10	25.00	25.10	1.00	0.70	0.00	0.00
74.00	24.40	25.50	25.10	25.20	25.10	0.30	0.70	0.00	0.00
74.10	24.40	25.30	25.10	25.10	25.10	-0.10	0.50	0.00	0.00
74.20	24.40	25.30	25.10	25.10	25.10	-0.60	1.00	0.00	0.00
74.30	24.30	25.50	25.10	25.10	25.10	-0.60	1.00	0.00	0.00
74.40	24.30	25.50	25.10	25.10	25.10	0.00	0.70	0.00	0.00
74.50	24.50	25.60	25.20	25.20	25.00	0.00	0.50	0.00	0.00
74.60	24.50	25.30	25.00	25.10	25.00	0.30	1.90	0.00	0.00
74.70	24.50	25.30	25.00	25.10	25.00	-0.10	0.70	0.00	0.00
74.80	24.50	25.80	25.10	25.20	25.00	-0.10	0.80	0.00	0.00
74.90	24.50	25.40	25.10	25.20	25.20	0.50	0.70	0.00	0.00
75.00	24.50	25.40	25.10	25.20	25.20	-0.30	0.70	0.00	0.00
75.10	24.50	25.60	25.10	25.20	25.00	0.00	0.70	0.00	0.00
75.20	24.50	25.40	24.90	25.10	24.90	0.00	-1.00	0.00	0.00
75.30	24.50	25.40	24.90	25.10	24.90	0.00	-1.00	0.00	0.00
75.40	24.60	25.40	25.20	25.10	25.10	0.20	0.50	0.00	0.00
75.50	24.50	25.50	25.10	25.20	25.10	0.00	0.50	0.00	0.00
75.60	24.50	25.50	25.10	25.20	25.10	0.00	0.50	0.00	0.00
75.70	24.30	25.40	25.00	25.00	25.00	0.50	0.80	0.00	0.00
75.80	24.30	25.50	25.10	25.20	25.10	0.30	-1.00	0.00	0.00
75.90	24.30	25.50	25.10	25.20	25.10	-0.30	0.50	0.00	0.00
76.00	24.50	25.40	25.20	25.20	25.10	0.30	0.30	0.00	0.00
76.10	24.50	25.30	25.10	25.10	25.00	0.70	0.20	0.00	0.00
76.20	24.50	25.30	25.10	25.10	25.00	0.70	0.20	0.00	0.00
76.30	24.50	25.60	25.10	25.20	25.10	0.20	0.50	0.00	0.00
76.40	24.50	25.30	25.20	25.20	25.10	0.00	0.70	0.00	0.00
76.50	24.50	25.30	25.20	25.20	25.10	0.00	0.00	0.00	0.00
76.60	24.60	25.60	25.00	25.20	25.10	0.50	0.20	0.00	0.00
76.70	24.60	25.30	25.10	25.10	25.00	0.30	-0.60	0.00	0.00
76.80	24.60	25.30	25.10	25.10	25.00	0.30	0.50	0.00	0.00
76.90	24.50	25.40	25.00	25.10	25.00	0.30	0.00	0.00	0.00
77.00	24.30	25.40	25.10	25.10	25.00	0.00	0.70	0.00	0.00
77.10	24.30	25.40	25.10	25.10	25.00	0.20	1.00	0.00	0.00
77.20	24.40	25.60	25.20	25.10	25.10	0.20	1.00	0.00	0.00
77.30	24.50	25.40	25.10	25.10	24.90	0.30	0.70	0.00	0.00
77.40	24.50	25.40	25.10	25.10	24.90	0.00	0.80	0.00	0.00
77.50	24.50	25.60	25.10	25.10	25.00	-0.10	0.20	0.00	0.00
77.60	24.50	25.60	25.10	25.10	25.00	0.50	0.80	0.00	0.00
77.70	24.50	25.60	25.00	25.10	25.00	0.30	0.70	0.00	0.00
77.80	24.40	25.60	25.10	25.00	24.90	0.30	0.30	0.00	0.00
77.90	24.40	25.60	25.10	25.00	24.90	0.20	-0.30	0.00	0.00
78.00	24.50	25.40	25.00	25.10	24.90	0.20	0.30	0.00	0.00
78.10	24.60	25.40	25.20	25.10	25.10	0.50	0.50	0.00	0.00
78.20	24.60	25.40	25.20	25.10	25.10	0.50	0.50	0.00	0.00
78.30	24.40	25.50	25.10	25.00	25.00	0.20	0.80	0.00	0.00
78.40	24.40	25.50	25.10	25.00	25.00	0.00	0.20	0.00	0.00
78.50	24.60	25.40	25.20	25.20	24.90	0.00	0.50	0.00	0.00
78.60	24.70	25.40	25.20	25.10	25.10	0.50	0.30	0.00	0.00
78.70	24.70	25.40	25.20	25.10	25.10	0.20	0.70	0.00	0.00
78.80	24.60	25.50	25.10	25.20	25.00	0.00	0.30	0.00	0.00
78.90	24.50	25.40	25.10	25.10	24.90	0.50	0.70	0.00	0.00
79.00	24.50	25.40	25.10	25.10	24.90	0.20	0.30	0.00	0.00
79.10	24.50	25.50	25.20	25.00	25.00	0.20	0.30	0.00	0.00
79.20	24.70	25.50	25.20	25.20	25.00	0.70	0.50	0.00	0.00
79.30	24.70	25.50	25.20	25.20	25.00	0.70	0.20	0.00	0.00
79.40	24.60	25.50	25.10	25.20	25.00	-0.10	0.50	0.00	0.00
79.50	24.60	25.50	25.10	25.20	25.00	0.20	0.70	0.00	0.00
79.60	24.50	25.40	25.00	25.00	25.10	0.00	0.50	0.00	0.00
79.70	24.60	25.40	25.10	25.10	25.10	0.50	1.30	0.00	0.00
79.80	24.60	25.40	25.10	25.10	25.10	-0.10	0.50	0.00	0.00
79.90	24.60	25.40	25.10	25.20	24.90	-0.40	0.50	0.00	0.00
80.00	24.50	25.50	25.10	25.10	25.00	-0.30	0.20	0.00	0.00
80.10	24.50	25.50	25.10	25.10	25.00	-0.30	0.20	0.00	0.00
80.20	24.60	25.40	25.10	25.00	25.00	-0.10	0.20	0.00	0.00
80.30	24.60	25.60	25.10	25.20	25.20	0.30	0.80	0.00	0.00
80.40	24.60	25.60	25.10	25.20	25.20	0.30	0.80	0.00	0.00
80.50	24.70	25.60	25.20	25.20	25.20	0.00	0.50	0.00	0.00
80.60	24.70	25.60	25.20	25.20	25.20	0.20	0.30	0.00	0.00
80.70	24.60	25.50	25.10	25.10	25.00	0.50	0.80	0.00	0.00
80.80	24.50	25.40	25.00	25.00	24.90	0.20	0.50	0.00	0.00
80.90	24.50	25.40	25.00	25.00	24.90	0.30	0.70	0.00	0.00
81.00	24.60	25.50	25.10	25.20	25.10	0.30	0.70	0.00	0.00
81.10	24.50	25.50	25.10	25.10	24.90	-0.10	0.20	0.00	0.00
81.20	24.50	25.50	25.10	25.10	24.90	0.30	0.50	0.00	0.00
81.30	24.50	25.50	25.10	25.10	24.90	0.20	0.70	0.00	0.00
81.40	24.70	25.60	25.20	25.10	25.20	0.20	0.20	0.00	0.00
81.50	24.70	25.60	25.20	25.10	25.20	0.20	1.00	0.00	0.00
81.60	24.60	25.50	25.10	25.10	25.00	0.20	0.80	0.00	0.00
81.70	24.60	25.40	25.00	25.10	25.10	0.20	0.30	0.00	0.00
81.80	24.60	25.40	25.00	25.10	25.10	0.00	1.00	0.00	0.00
81.90	24.60	25.60	25.20	25.10	25.00	0.20	0.70	0.00	0.00
82.00	24.60	25.40	25.20	25.10	25.10	0.00	0.70	0.00	0.00
82.10	24.60	25.40	25.20	25.10	25.10	0.20	0.70	0.00	0.00
82.20	24.50	25.60	25.20	25.10	25.10	0.20	0.70	0.00	0.00
82.30	24.50	25.60	25.10	25.20	25.00	0.20	0.70	0.00	0.00
82.40	24.50	25.60	25.10	25.20	25.00	-0.10	-0.10	0.00	0.00
82.50	24.60	25.50	25.10	25.20	25.10	0.30	0.80	0.00	0.00
82.60	24.60	25.50	25.10	25.20	25.10	0.20	0.30	0.00	0.00
82.70	24.50	25.40	25.10	25.10	25.00	0.20	0.50	0.00	0.00
82.80	24.50	25.40	25.00	25.10	24.90	0.20	1.00	0.00	0.00
82.90	24.50	25.40	25.00	25.10	24.90	0.20	1.00	0.00	0.00
83.00	24.60	25.60	25.10	25.10	25.10	0.30	0.00	0.00	0.00
83.10	24.70	25.50	25.20	25.30	25.10	-0.60	0.70	0.00	0.00
83.20	24.70	25.50	25.20	25.30	25.10	0.30	1.00	0.00	0.00
83.30	24.60	25.40	25.10	25.10	25.00	0.30	0.20	0.00	0.00
83.40	24.70	25.50	25.10	25.20	25.10	0.00	0.50	0.00	0.00
83.50	24.70	25.50	25.10	25.20	25.10	0.00	0.80	0.00	0.00
83.60	24.50	25.40	25.10	25.20	25.00	0.20	0.80	0.00	0.00
83.70	24.50	25.40	25.10	25.20	25.00	0.00	0.30	0.00	0.00
83.80	24.70	25.60	25.10	25.20	25.10	0.00	0.00	0.00	0.00
83.90	24.60	25.60	25.10	25.20	25.00	0.20	0.20	0.00	0.00
84.00	24.60	25.60	25.10	25.20	25.00	0.50	0.30	0.00	0.00
84.10	24.60	25.50	25.10	25.20	25.00	0.00	0.70	0.00	0.00
84.20	24.50	25.50	25.10	25.10	25.10	0.70	0.50	0.00	0.00
84.30	24.50	25.50	25.10	25.10	25.10	0.20	0.50	0.00	0.00
84.40	24.60	25.40	25.00	25.10	25.00	-0.10	0.30	0.00	0.00
84.50	24.60	25.40	25.00	25.10	25.00	-0.10	0.70	0.00	0.00
84.60	24.60	25.40	25.00	25.10	25.10	0.00	0.80	0.00	0.00
84.70	24.60	25.30	25.00	25.00	25.00	0.30	0.50	0.00	0.00
84.80	24.60	25.30	25.00	25.00	25.00	0.30	0.50	0.00	0.00
84.90	24.70	25.50	25.10	25.20	25.00	0.00	0.50	0.00	0.00
85.00	24.70	25.50	25.10	25.20	25.00	0.30	0.20	0.00	0.00
85.10	24.60	25.50	25.10	25.20	25.00	0.20	0.50	0.00	0.00
85.20	24.60	25.40	25.20	25.00	25.00	0.30	0.70	0.00	0.00
85.30	24.60	25.40	25.20	25.00	25.00	0.30	1.60	0.00	0.00
85.40	24.60	25.50	25.20	25.20	25.00	0.00	1.00	0.00	0.00
85.50	24.60	25.50	25.10	25.20	25.00	0.30	0.70	0.00	0.00
85.60	24.60	25.50	25.10	25.20	25.00	0.50	0.50	0.00	0.00
85.70	24.70	25.50	25.10	25.20	25.10	0.00	0.30	0.00	0.00
85.80	24.70	25.60	25.10	25.20	25.10	0.00	0.30	0.00	0.00
85.90	24.70	25.60	25.10	25.20	25.10	0.20	0.80	0.00	0.00
86.00	24.70	25.50	25.20	25.30	25.10	-0.70	0.70	0.00	0.00
86.10	24.60	25.50	25.20	25.00	25.10	0.20	0.50	0.00	0.00
86.20	24.60	25.50	25.20	25.00	25.10	0.00	0.80	0.00	0.00
86.30	24.80	25.60	25.10	25.10	25.10	0.00	0.70	0.00	0.00
86.40	24.60	25.50	24.90	25.10	25.00	0.00	0.50	0.00	0.00
86.50	24.60	25.50	24.90	25.10	25.00	0.00	0.80	0.00	0.00
86.60	24.70	25.60	25.10	25.20	25.00	-0.10	0.50	0.00	0.00
86.70	24.70	25.60	25.10	25.20	25.00	0.20	0.30	0.00	0.00
86.80	24.60	25.40	25.10	25.20	25.00	0.20	0.30	0.00	0.00
86.90	24.50	25.40	25.10	25.10	25.00	0.00	0.80	0.00	0.00
87.00	24.50	25.40	25.10	25.10	25.00	-0.10	1.00	0.00	0.00
87.10	24.60	25.60	25.00	25.10	25.10	-0.10	0.80	0.00	0.00
87.20	24.50	25.40	25.00	25.10	25.00	0.80	0.70	0.00	0.00
87.30	24.50	25.40	25.00	25.10	25.00	0.50	0.70	0.00	0.00
87.40	24.60	25.40	25.00	25.10	25.00	0.20	0.20	0.00	0.00
87.50	24.60	25.50	25.10	25.10	25.00	0.30	0.00	0.00	0.00
87.60	24.60	25.50	25.10	25.10	25.00	0.20	0.70	0.00	0.00
87.70	24.50	25.40	25.00	25.00	24.90	0.20	0.70	0.00	0.00
87.80	24.60	25.50	25.00	25.00	25.00	0.70	0.80	0.00	0.00
87.90	24.60	25.50	25.00	25.00	25.00	-0.10	0.30	0.00	0.00
88.00	24.70	25.50	25.20	25.20	25.10	0.00	0.30	0.00	0.00
88.10	24.70	25.40	25.10	25.10	25.10	0.30	0.50	0.00	0.00
88.20	24.70	25.40	25.10	25.10	25.10	0.00	0.30	0.00	0.00
88.30	24.60	25.40	25.20	25.10	25.00	0.20	0.30	0.00	0.00
88.40	24.60	25.50	25.10	25.10	25.00	0.20	0.70	0.00	0.00
88.50	24.60	25.50	25.10	25.10	25.00	0.50	0.80	0.00	0.00
88.60	24.70	25.60	25.20	25.30	25.10	0.00	0.20	0.00	0.00
88.70	24.80	25.50	25.20	25.20	25.10	0.00	0.20	0.00	0.00
88.80	24.80	25.50	25.20	25.20	25.10	-0.90	0.70	0.00	0.00
88.90	24.60	25.30	25.10	25.00	25.00	0.20	0.70	0.00	0.00
89.00	24.60	25.30	25.10	25.00	25.00	0.30	0.70	0.00	0.00
89.10	24.70	25.60	25.10	25.30	25.00	0.00	0.70	0.00	0.00
89.20	24.70	25.40	25.10	25.10	25.00	-0.10	0.20	0.00	0.00
89.30	24.70	25.40	25.10	25.10	25.00	0.20	0.00	0.00	0.00
89.40	24.60	25.40	25.00	25.10	25.00	0.50	0.30	0.00	0.00
89.50	24.80	25.50	25.10	25.10	25.10	0.30	0.30	0.00	0.00
89.60	24.80	25.50	25.10	25.10	25.10	0.30	0.30	0.00	0.00
89.70	24.70	25.40	25.20	25.00	25.00	0.20	0.80	0.00	0.00
89.80	24.80	25.50	25.20	25.20	25.10	0.50	0.00	0.00	0.00
89.90	24.80	25.50	25.20	25.20	25.10	0.20	0.20	0.00	0.00
90.00	24.70	25.50	25.10	25.30	25.00	0.20	0.20	0.00	0.00
90.10	24.70	25.50	25.10	25.30	25.00	0.30	0.70	0.00	0.00
90.20	24.70	25.40	25.00	25.10	25.00	0.20	0.50	0.00	0.00
90.30	24.60	25.50	25.10	25.10	24.90	-0.30	1.00	0.00	0.00
90.40	24.60	25.50	25.10	25.10	24.90	0.00	0.70	0.00	0.00
90.50	24.70	25.50	25.10	25.10	25.10	0.00	0.70	0.00	0.00
90.60	24.60	25.50	25.10	25.10	25.00	0.00	0.50	0.00	0.00
90.70	24.60	25.50	25.10	25.10	25.00	0.70	0.70	0.00	0.00
90.80	24.70	25.50	25.00	25.20	25.10	0.00	0.30	0.00	0.00
90.90	24.70	25.50	25.10	25.20	25.10	0.00	1.00	0.00	0.00
91.00	24.70	25.50	25.10	25.20	25.10	0.30	0.50	0.00	0.00
91.10	24.70	25.50	25.20	25.10	25.10	0.50	0.50	0.00	0.00
91.20	24.70	25.50	25.20	25.10	25.10	0.30	0.70	0.00	0.00
91.30	24.80	25.50	25.10	25.20	25.00	0.30	0.50	0.00	0.00
91.40	24.70	25.50	25.10	25.20	25.00	-0.30	0.80	0.00	0.00
91.50	24.70	25.50	25.10	25.20	25.00	-0.30	0.80	0.00	0.00
91.60	24.80	25.40	25.10	25.20	25.00	0.00	1.10	0.00	0.00
91.70	24.80	25.50	25.10	25.10	25.10	0.00	1.10	0.00	0.00
91.80	24.80	25.50	25.10	25.10	25.10	-0.10	0.20	0.00	0.00
91.90	24.70	25.40	25.20	25.10	25.10	0.20	0.80	0.00	0.00
92.00	24.70	25.40	25.20	25.10	25.10	1.10	0.70	0.00	0.00
92.10	24.70	25.50	25.10	25.20	25.10	0.30	0.30	0.00	0.00
92.20	24.70	25.50	25.20	25.30	25.10	0.50	0.30	0.00	0.00
92.30	24.70	25.50	25.20	25.30	25.10	-0.30	0.50	0.00	0.00
92.40	24.80	25.50	25.10	25.20	25.00	0.00	0.50	0.00	0.00
92.50	24.70	25.40	25.10	25.00	25.00	0.00	0.50	0.00	0.00
92.60	24.70	25.40	25.10	25.00	25.00	0.50	0.80	0.00	0.00
92.70	24.70	25.50	25.10	25.20	25.00	0.50	0.30	0.00	0.00
92.80	24.70	25.50	25.10	25.20	25.00	0.30	0.70	0.00	0.00
92.90	24.70	25.50	25.10	25.10	25.00	0.20	0.50	0.00	0.00
93.00	24.70	25.50	25.20	25.20	25.10	0.80	0.20	0.00	0.00
93.10	24.70	25.50	25.20	25.20	25.10	0.00	0.50	0.00	0.00
93.20	24.60	25.50	25.10	25.10	25.00	0.30	-0.10	0.00	0.00
93.30	24.70	25.40	25.10	25.10	25.00	0.20	0.50	0.00	0.00
93.40	24.70	25.40	25.10	25.10	25.00	0.30	0.50	0.00	0.00
93.50	24.70	25.40	25.20	25.10	25.10	0.30	0.50	0.00	0.00
93.60	24.70	25.50	25.20	25.10	25.00	0.20	0.80	0.00	0.00
93.70	24.70	25.50	25.20	25.10	25.00	0.20	1.00	0.00	0.00
93.80	24.70	25.40	25.20	25.10	25.10	0.30	0.70	0.00	0.00
93.90	24.80	25.50	25.20	25.20	25.00	0.70	0.50	0.00	0.00
94.00	24.80	25.50	25.20	25.20	25.00	0.20	1.00	0.00	0.00
94.10	24.70	25.40	25.10	25.20	25.10	0.50	0.50	0.00	0.00
94.20	24.80	25.50	25.10	25.20	25.00	0.00	0.50	0.00	0.00
94.30	24.80	25.50	25.10	25.20	25.00	0.30	1.00	0.00	0.00
94.40	24.70	25.50	25.20	25.10	25.10	0.30	0.80	0.00	0.00
94.50	24.70	25.40	25.10	25.00	25.00	0.30	0.80	0.00	0.00
94.60	24.70	25.40	25.10	25.00	25.00	0.30	0.50	0.00	0.00
94.70	24.90	25.50	25.30	25.20	25.20	0.30	0.70	0.00	0.00
94.80	24.60	25.40	25.10	25.00	25.00	0.30	0.20	0.00	0.00
94.90	24.60	25.40	25.10	25.00	25.00	-0.10	1.00	0.00	0.00
95.00	24.70	25.50	25.10	25.10	25.10	-0.10	0.70	0.00	0.00
95.10	24.80	25.60	25.20	25.20	25.20	0.50	0.30	0.00	0.00
95.20	24.80	25.60	25.20	25.20	25.20	0.20	0.70	0.00	0.00
95.30	24.70	25.30	25.00	25.00	25.00	0.70	0.50	0.00	0.00
95.40	24.70	25.30	25.10	25.10	25.20	0.00	0.70	0.00	0.00
95.50	24.70	25.30	25.10	25.10	25.20	0.00	0.70	0.00	0.00
95.60	24.90	25.60	25.20	25.20	25.20	0.30	0.50	0.00	0.00
95.70	24.80	25.40	25.10	25.20	25.00	0.70	0.50	0.00	0.00
95.80	24.80	25.40	25.10	25.20	25.00	0.00	0.30	0.00	0.00
95.90	24.80	25.50	25.10	25.10	25.00	0.00	0.30	0.00	0.00
96.00	24.80	25.50	25.10	25.10	25.00	0.30	0.80	0.00	0.00
96.10	24.80	25.40	25.20	25.10	25.10	0.20	0.50	0.00	0.00
96.20	24.60	25.40	24.90	25.10	24.90	0.30	0.80	0.00	0.00
96.30	24.60	25.40	24.90	25.10	24.90	0.30	1.00	0.00	0.00
96.40	24.70	25.50	25.10	25.20	25.20	0.00	0.20	0.00	0.00
96.50	24.70	25.50	25.10	25.20	25.20	0.00	0.20	0.00	0.00
96.60	24.60	25.40	25.10	25.10	25.10	0.20	0.30	0.00	0.00
96.70	24.80	25.40	25.00	25.20	25.00	0.00	0.70	0.00	0.00
96.80	24.80	25.40	25.00	25.20	25.00	0.30	0.30	0.00	0.00
96.90	24.80	25.40	25.20	25.30	25.10	-0.10	0.80	0.00	0.00
97.00	24.80	25.50	25.20	25.30	25.10	0.50	0.50	0.00	0.00
97.10	24.80	25.50	25.20	25.30	25.10	0.20	0.80	0.00	0.00
97.20	24.80	25.40	25.10	25.10	25.10	0.00	0.80	0.00	0.00
97.30	24.70	25.50	25.10	25.10	25.00	-0.90	1.00	0.00	0.00
97.40	24.70	25.50	25.10	25.10	25.00	-0.40	0.50	0.00	0.00
97.50	24.70	25.40	25.10	25.20	25.10	0.70	0.20	0.00	0.00
97.60	24.70	25.40	25.10	25.20	25.10	0.30	0.50	0.00	0.00
97.70	24.80	25.50	25.20	25.10	25.10	0.00	0.80	0.00	0.00
97.80	24.70	25.60	25.20	25.20	25.00	0.20	0.50	0.00	0.00
97.90	24.70	25.60	25.20	25.20	25.00	-0.10	0.30	0.00	0.00
98.00	24.80	25.50	25.10	25.20	25.00	0.30	0.70	0.00	0.00
98.10	24.80	25.50	25.10	25.20	25.00	0.30	0.30	0.00	0.00
98.20	24.80	25.50	25.20	25.20	25.10	-0.10	0.30	0.00	0.00
98.30	24.90	25.40	25.10	25.10	25.10	0.50	0.50	0.00	0.00
98.40	24.80	25.40	25.20	25.10	25.00	0.50	0.50	0.00	0.00
98.50	24.80	25.40	25.20	25.10	25.00	0.20	0.80	0.00	0.00
98.60	24.80	25.50	25.10	25.20	25.10	0.50	0.70	0.00	0.00
98.70	24.80	25.50	25.10	25.20	25.10	-0.10	0.50	0.00	0.00
98.80	24.90	25.50	25.20	25.10	25.00	-0.10	0.80	0.00	0.00
98.90	24.80	25.40	25.20	25.30	25.10	0.00	0.70	0.00	0.00
99.00	24.80	25.40	25.20	25.30	25.10	0.00	0.70	0.00	0.00
99.10	24.80	25.40	25.10	25.20	24.90	0.00	0.30	0.00	0.00
99.20	24.80	25.40	25.10	25.20	24.90	0.20	1.00	0.00	0.00
99.30	25.00	25.60	25.20	25.30	25.10	-0.30	0.50	0.00	0.00
99.40	24.80	25.40	25.20	25.10	25.00	-0.30	0.50	0.00	0.00
99.50	24.80	25.40	25.20	25.10	25.00	0.80	0.50	0.00	0.00
99.60	24.80	25.50	25.10	25.40	25.10	0.00	0.50	0.00	0.00
99.70	24.70	25.30	25.10	25.20	25.10	0.30	0.80	0.00	0.00
99.80	24.70	25.30	25.10	25.20	25.10	0.00	0.70	0.00	0.00
99.90	24.90	25.60	25.20	25.20	25.10	0.00	0.50	0.00	0.00
100.00	24.80	25.40	25.10	25.00	25.10	0.00	0.50	0.00	0.00
100.10	24.80	25.40	25.10	25.00	25.10	0.20	0.80	0.00	0.00
100.20	24.80	25.40	25.20	25.10	25.10	-0.10	0.50	0.00	0.00
100.30	24.80	25.40	25.20	25.10	25.10	0.20	0.30	0.00	0.00
100.40	24.70	25.40	25.00	25.20	25.10	0.20	0.30	0.00	0.00
100.50	24.80	25.50	25.10	25.10	25.10	-0.10	0.70	0.00	0.00
100.60	24.80	25.50	25.10	25.10	25.10	0.00	0.80	0.00	0.00
100.70	24.70	25.40	25.00	25.10	25.00	0.30	1.00	0.00	0.00
100.80	24.80	25.50	25.20	25.10	24.90	-0.30	0.80	0.00	0.00
100.90	24.80	25.50	25.20	25.10	24.90	-0.10	0.80	0.00	0.00
101.00	24.90	25.50	25.20	25.20	25.00	0.00	0.30	0.00	0.00
101.10	24.90	25.50	25.20	25.20	25.00	0.70	0.00	0.00	0.00
101.20	24.70	25.40	25.10	25.20	25.00	0.20	0.80	0.00	0.00
101.30	24.90	25.50	25.20	25.10	25.10	0.20	0.80	0.00	0.00
101.40	24.90	25.50	25.20	25.10	25.10	0.30	0.80	0.00	0.00
101.50	24.80	25.50	25.20	25.20	25.20	-0.10	0.70	0.00	0.00
101.60	24.90	25.60	25.20	25.30	25.20	0.00	0.80	0.00	0.00
101.70	24.70	25.40	25.10	25.10	24.90	0.30	0.80	0.00	0.00
101.80	24.70	25.40	25.10	25.10	24.90	0.20	0.50	0.00	0.00
101.90	24.80	25.40	25.00	25.00	25.00	0.00	0.80	0.00	0.00
102.00	24.90	25.40	25.20	25.20	24.90	0.30	0.80	0.00	0.00
102.10	24.90	25.40	25.20	25.20	24.90	0.00	0.70	0.00	0.00
102.20	24.80	25.50	25.10	25.20	25.10	0.00	0.70	0.00	0.00
102.30	24.80	25.40	25.10	25.10	25.00	0.00	0.70	0.00	0.00
102.40	24.80	25.40	25.10	25.10	25.00	0.20	0.50	0.00	0.00
102.50	24.90	25.50	25.20	25.20	25.20	0.70	0.70	0.00	0.00
102.60	24.80	25.40	25.00	25.10	24.90	0.20	0.50	0.00	0.00
102.70	24.80	25.40	25.00	25.10	24.90	0.30	0.30	0.00	0.00
102.80	24.80	25.40	25.20	25.20	25.00	0.30	0.20	0.00	0.00
102.90	24.80	25.50	25.20	25.30	25.10	0.30	0.50	0.00	0.00
103.00	24.80	25.50	25.20	25.30	25.10	0.00	0.80	0.00	0.00
103.10	24.80	25.60	25.20	25.20	25.00	0.20	0.00	0.00	0.00
103.20	24.80	25.60	25.20	25.20	25.00	0.20	0.00	0.00	0.00
103.30	24.70	25.40	25.10	25.10	25.00	-0.10	0.50	0.00	0.00
103.40	24.80	25.40	25.20	25.20	25.00	0.00	0.70	0.00	0.00
103.50	24.80	25.40	25.20	25.20	25.00	0.30	0.30	0.00	0.00
103.60	24.80	25.50	25.10	25.10	25.00	0.20	0.30	0.00	0.00
103.70	25.00	25.40	25.20	25.10	25.10	0.30	0.70	0.00	0.00
103.80	25.00	25.40	25.20	25.10	25.10	0.20	0.70	0.00	0.00
103.90	24.90	25.50	25.10	25.10	25.00	-0.40	0.70	0.00	0.00
104.00	24.80	25.50	25.00	25.10	25.00	-0.10	0.70	0.00	0.00
104.10	24.80	25.50	25.00	25.10	25.00	-0.10	0.70	0.00	0.00
104.20	24.90	25.50	25.10	25.20	25.10	0.50	0.30	0.00	0.00
104.30	24.70	25.40	25.10	25.20	25.10	0.50	0.50	0.00	0.00
104.40	24.70	25.40	25.10	25.20	25.10	0.20	0.30	0.00	0.00
104.50	24.80	25.30	25.10	25.10	25.10	0.20	0.80	0.00	0.00
104.60	24.80	25.30	25.10	25.10	25.10	0.20	0.20	0.00	0.00
104.70	25.00	25.60	25.30	25.40	25.20	0.20	0.30	0.00	0.00
104.80	24.80	25.40	25.10	25.00	25.10	0.20	0.80	0.00	0.00
104.90	24.80	25.50	25.10	25.10	25.00	0.30	1.00	0.00	0.00
105.00	24.80	25.50	25.10	25.10	25.00	0.50	0.80	0.00	0.00
105.10	24.70	25.40	25.10	25.10	24.90	0.50	0.80	0.00	0.00
105.20	24.70	25.40	25.10	25.10	24.90	-0.10	1.00	0.00	0.00
105.30	24.90	25.40	25.10	25.20	25.10	0.20	0.30	0.00	0.00
105.40	24.80	25.30	25.10	25.10	25.00	0.30	0.30	0.00	0.00
105.50	24.80	25.30	25.10	25.10	25.00	0.50	0.80	0.00	0.00
105.60	24.90	25.30	25.20	25.10	25.10	0.00	0.70	0.00	0.00
105.70	24.90	25.40	25.20	25.20	25.20	0.00	0.70	0.00	0.00
105.80	24.90	25.40	25.20	25.20	25.20	0.20	0.50	0.00	0.00
105.90	24.90	25.40	25.10	25.10	25.10	0.50	0.30	0.00	0.00
106.00	24.80	25.30	25.10	25.20	25.00	-0.10	0.50	0.00	0.00
106.10	24.80	25.30	25.10	25.20	25.00	-0.10	0.50	0.00	0.00
106.20	25.00	25.40	25.10	25.20	25.10	0.20	-0.10	0.00	0.00
106.30	25.00	25.40	25.10	25.20	25.10	0.30	1.00	0.00	0.00
106.40	24.70	25.30	25.10	25.10	25.00	1.40	0.20	0.00	0.00
106.50	24.70	25.30	25.10	25.10	25.00	0.20	0.80	0.00	0.00
106.60	25.00	25.50	25.20	25.20	25.10	0.30	0.30	0.00	0.00
106.70	24.90	25.50	25.10	25.20	25.10	0.20	0.80	0.00	0.00
106.80	24.90	25.50	25.10	25.20	25.10	-0.10	0.80	0.00	0.00
106.90	24.90	25.40	25.10	25.20	25.00	-0.10	0.20	0.00	0.00
107.00	24.90	25.50	25.20	25.20	25.10	0.00	0.80	0.00	0.00
107.10	24.90	25.50	25.20	25.20	25.10	0.00	0.80	0.00	0.00
107.20	24.90	25.50	25.20	25.30	25.10	0.30	0.20	0.00	0.00
107.30	24.80	25.40	25.10	25.10	24.90	0.00	0.30	0.00	0.00
107.40	24.80	25.40	25.10	25.10	24.90	0.30	0.80	0.00	0.00
107.50	24.70	25.50	25.10	25.20	24.90	0.00	0.20	0.00	0.00
107.60	24.90	25.40	25.20	25.20	25.10	-0.10	0.70	0.00	0.00
107.70	24.90	25.40	25.20	25.20	25.10	-0.10	0.80	0.00	0.00
107.80	24.80	25.30	25.20	25.10	25.10	0.30	1.00	0.00	0.00
107.90	24.80	25.40	25.10	25.20	25.00	0.50	0.80	0.00	0.00
108.00	24.80	25.40	25.10	25.20	25.00	0.50	0.80	0.00	0.00
108.10	24.90	25.40	25.10	25.10	25.10	0.30	0.50	0.00	0.00
108.20	24.90	25.40	25.10	25.10	25.10	-0.30	0.70	0.00	0.00
108.30	24.70	25.40	25.00	25.10	24.90	0.30	0.30	0.00	0.00
108.40	24.90	25.30	24.90	24.90	25.00	0.20	0.20	0.00	0.00
108.50	24.90	25.30	24.90	24.90	25.00	0.20	0.30	0.00	0.00
108.60	24.80	25.50	25.10	25.20	25.10	0.50	0.80	0.00	0.00
108.70	24.70	25.40	25.00	25.10	25.00	0.50	0.50	0.00	0.00
108.80	24.70	25.40	25.00	25.10	25.00	0.30	0.30	0.00	0.00
108.90	24.90	25.40	25.30	25.30	24.90	0.20	0.30	0.00	0.00
109.00	24.80	25.40	25.10	25.00	25.10	0.20	0.30	0.00	0.00
109.10	24.80	25.40	25.10	25.00	25.10	0.50	0.80	0.00	0.00
109.20	25.00	25.50	25.20	25.30	25.20	0.00	0.20	0.00	0.00
109.30	24.90	25.50	25.20	25.20	25.10	0.50	1.40	0.00	0.00
109.40	24.90	25.50	25.20	25.20	25.10	0.20	0.20	0.00	0.00
109.50	24.90	25.40	25.30	25.20	25.10	-0.10	1.00	0.00	0.00
109.60	24.90	25.40	25.30	25.20	25.10	0.20	0.70	0.00	0.00
109.70	24.90	25.50	25.10	25.20	25.10	0.20	0.70	0.00	0.00
109.80	24.80	25.30	25.00	25.00	25.00	0.20	0.50	0.00	0.00
109.90	24.80	25.30	25.00	25.00	25.00	0.80	0.50	0.00	0.00
110.00	24.70	25.30	25.10	25.00	25.00	0.80	0.50	0.00	0.00
110.10	24.90	25.50	25.20	25.20	25.10	0.30	0.30	0.00	0.00
110.20	24.90	25.50	25.20	25.20	25.10	0.00	0.20	0.00	0.00
110.30	24.80	25.50	25.10	25.10	25.00	-0.10	0.80	0.00	0.00
110.40	24.90	25.50	25.10	25.20	25.10	0.30	0.30	0.00	0.00
110.50	24.90	25.50	25.10	25.20	25.10	0.20	0.50	0.00	0.00
110.60	24.90	25.50	25.10	25.20	25.00	0.20	0.30	0.00	0.00
110.70	24.90	25.50	25.10	25.30	25.10	0.00	0.30	0.00	0.00
110.80	24.90	25.50	25.10	25.30	25.10	0.20	0.50	0.00	0.00
110.90	24.90	25.40	25.20	25.30	25.00	0.20	0.50	0.00	0.00
111.00	24.90	25.40	25.20	25.30	25.00	0.20	0.30	0.00	0.00
111.10	24.90	25.40	25.10	25.10	24.90	0.30	1.00	0.00	0.00
111.20	24.80	25.40	25.00	25.20	25.10	0.50	0.50	0.00	0.00
111.30	24.80	25.40	25.00	25.20	25.10	0.00	0.80	0.00	0.00
111.40	24.80	25.30	25.00	25.10	25.00	0.30	0.30	0.00	0.00
111.50	25.00	25.40	25.10	25.10	25.00	0.00	0.50	0.00	0.00
111.60	25.00	25.40	25.10	25.10	25.00	0.00	0.50	0.00	0.00
111.70	24.80	25.40	25.10	25.30	25.00	-0.30	0.70	0.00	0.00
111.80	24.80	25.30	25.00	25.10	24.90	-0.30	0.70	0.00	0.00
111.90	24.80	25.30	25.00	25.10	24.90	-0.30	0.70	0.00	0.00
112.00	24.90	25.50	25.30	25.20	25.10	-0.10	1.00	0.00	0.00
112.10	24.90	25.50	25.30	25.20	25.10	-2.10	1.10	0.00	0.00
112.20	24.90	25.50	25.10	25.10	25.10	0.20	0.30	0.00	0.00
112.30	24.90	25.40	25.20	25.20	25.10	-0.10	0.70	0.00	0.00
112.40	24.80	25.30	25.10	25.10	25.10	0.30	0.70	0.00	0.00
112.50	24.80	25.30	25.10	25.10	25.10	0.20	0.80	0.00	0.00
112.60	24.90	25.50	25.10	25.20	25.20	-0.70	0.70	0.00	0.00
112.70	25.00	25.60	25.30	25.10	25.10	0.00	0.50	0.00	0.00
112.80	25.00	25.60	25.30	25.10	25.10	0.00	0.50	0.00	0.00
112.90	24.90	25.50	25.20	25.10	25.10	0.00	0.50	0.00	0.00
113.00	24.90	25.50	25.20	25.10	25.10	0.20	0.00	0.00	0.00
113.10	24.90	25.40	25.20	25.20	25.10	-0.60	0.80	0.00	0.00
113.20	24.80	25.40	25.20	25.10	25.00	0.20	1.00	0.00	0.00
113.30	24.80	25.40	25.20	25.10	25.00	0.00	1.00	0.00	0.00
113.40	24.80	25.40	25.10	25.10	24.90	0.30	0.30	0.00	0.00
113.50	25.00	25.50	25.20	25.10	25.20	0.20	0.20	0.00	0.00
113.60	25.00	25.50	25.20	25.10	25.20	0.00	0.20	0.00	0.00
113.70	25.00	25.50	25.30	25.20	25.10	0.70	0.20	0.00	0.00
113.80	25.00	25.50	25.30	25.20	25.10	0.70	0.20	0.00	0.00
113.90	25.00	25.50	25.20	25.30	25.20	0.70	0.20	0.00	0.00
114.00	24.80	25.30	25.10	25.10	25.00	-0.10	0.70	0.00	0.00
114.10	24.80	25.30	25.10	25.10	25.00	0.30	0.20	0.00	0.00
114.20	24.90	25.40	25.20	25.20	25.10	0.70	0.20	0.00	0.00
114.30	24.90	25.50	25.10	25.10	25.00	-0.10	0.50	0.00	0.00
114.40	24.90	25.50	25.10	25.10	25.00	-0.10	1.00	0.00	0.00
114.50	24.90	25.50	25.20	25.20	25.10	0.20	1.00	0.00	0.00
114.60	24.90	25.50	25.20	25.10	25.10	0.20	1.10	0.00	0.00
114.70	24.90	25.50	25.20	25.10	25.10	0.20	0.30	0.00	0.00
114.80	25.00	25.50	25.20	25.20	25.10	0.30	0.30	0.00	0.00
114.90	24.90	25.40	25.20	25.20	25.10	0.30	0.30	0.00	0.00
115.00	24.90	25.40	25.20	25.20	25.10	0.00	0.80	0.00	0.00
115.10	24.90	25.50	25.10	25.10	25.00	0.50	0.30	0.00	0.00
115.20	24.80	25.30	25.10	25.00	25.00	0.30	1.00	0.00	0.00
115.30	24.80	25.30	25.10	25.00	25.00	0.50	0.50	0.00	0.00
115.40	24.90	25.30	25.10	25.10	25.00	0.30	0.70	0.00	0.00
115.50	24.90	25.40	25.10	25.20	25.10	0.00	0.20	0.00	0.00
115.60	24.90	25.40	25.10	25.20	25.10	0.80	0.50	0.00	0.00
115.70	25.00	25.40	25.20	25.20	25.00	0.50	0.80	0.00	0.00
115.80	25.00	25.40	25.20	25.20	25.00	0.50	0.80	0.00	0.00
115.90	24.90	25.50	25.30	25.20	25.10	0.50	0.80	0.00	0.00
116.00	24.80	25.30	25.10	25.10	24.90	0.30	1.00	0.00	0.00
116.10	24.80	25.30	25.10	25.10	24.90	0.20	0.80	0.00	0.00
116.20	24.90	25.50	25.20	25.10	25.10	0.20	1.00	0.00	0.00
116.30	25.00	25.40	25.10	25.10	25.00	0.20	0.80	0.00	0.00
116.40	25.00	25.40	25.10	25.10	25.00	0.20	0.70	0.00	0.00
116.50	25.00	25.70	25.20	25.10	25.20	-0.10	0.80	0.00	0.00
116.60	24.90	25.30	25.10	25.10	25.10	0.30	0.80	0.00	0.00
116.70	24.90	25.30	25.10	25.10	25.10	-0.30	0.70	0.00	0.00
116.80	24.80	25.30	25.10	25.20	25.00	-0.30	0.70	0.00	0.00
116.90	24.90	25.40	25.00	25.20	25.10	0.30	-1.30	0.00	0.00
117.00	24.90	25.40	25.00	25.20	25.10	0.00	0.20	0.00	0.00
117.10	24.90	25.40	25.10	25.10	25.10	0.00	0.50	0.00	0.00
117.20	24.90	25.40	25.10	25.10	25.10	0.20	0.70	0.00	0.00
117.30	24.90	25.40	25.10	25.20	25.10	-0.30	0.50	0.00	0.00
117.40	24.90	25.40	25.10	25.10	25.10	0.20	0.70	0.00	0.00
117.50	24.90	25.40	25.10	25.10	25.10	0.50	0.50	0.00	0.00
117.60	24.90	25.50	25.10	25.10	25.00	-0.30	0.80	0.00	0.00
117.70	24.80	25.50	25.10	25.20	25.00	0.30	0.30	0.00	0.00
117.80	24.80	25.50	25.10	25.20	25.00	0.30	0.30	0.00	0.00
117.90	24.90	25.50	25.20	25.20	25.10	0.30	1.60	0.00	0.00
118.00	24.90	25.50	25.20	25.20	25.10	-0.10	0.50	0.00	0.00
118.10	25.00	25.60	25.20	25.20	25.20	-0.10	0.80	0.00	0.00
118.20	24.90	25.30	25.00	25.20	25.00	0.30	0.00	0.00	0.00
118.30	24.90	25.30	25.00	25.20	25.00	-0.70	0.70	0.00	0.00
118.40	25.00	25.50	25.20	25.30	25.10	0.30	0.80	0.00	0.00
118.50	25.00	25.50	25.20	25.30	25.10	-0.10	1.10	0.00	0.00
118.60	24.90	25.50	25.10	25.10	25.10	-0.10	0.80	0.00	0.00
118.70	24.90	25.60	25.10	25.10	25.10	0.70	0.70	0.00	0.00
118.80	24.90	25.60	25.10	25.10	25.10	0.70	0.70	0.00	0.00
118.90	24.90	25.50	25.20	25.20	25.20	-0.30	0.80	0.00	0.00
119.00	25.00	25.40	25.20	25.20	25.10	-0.10	0.70	0.00	0.00
119.10	25.00	25.40	25.20	25.20	25.10	0.50	0.50	0.00	0.00
119.20	24.90	25.40	25.20	25.20	25.00	-0.10	0.70	0.00	0.00
119.30	25.00	25.40	25.20	25.20	25.00	-0.10	0.50	0.00	0.00
119.40	24.90	25.30	25.10	25.10	25.10	0.30	1.00	0.00	0.00
119.50	24.90	25.30	25.10	25.10	25.10	0.30	0.50	0.00	0.00
119.60	24.90	25.40	25.20	25.00	25.10	-0.10	0.50	0.00	0.00
119.70	24.90	25.40	25.20	25.00	25.10	-0.10	0.50	0.00	0.00
119.80	24.90	25.50	25.10	25.10	25.00	0.50	0.70	0.00	0.00
119.90	24.90	25.50	25.10	25.10	25.00	0.00	0.80	0.00	0.00
120.00	24.90	25.30	25.10	25.20	25.10	0.30	1.10	0.00	0.00
120.10	24.90	25.40	25.10	25.10	25.10	0.20	0.30	0.00	0.00
120.20	24.90	25.40	25.10	25.10	25.10	1.00	0.20	0.00	0.00
120.30	24.90	25.50	25.10	25.20	25.10	0.30	0.20	0.00	0.00
120.40	24.90	25.40	25.10	25.10	25.10	0.20	0.00	0.00	0.00
120.50	24.90	25.40	25.10	25.10	25.10	0.20	0.70	0.00	0.00
120.60	24.80	25.50	25.10	25.10	25.10	0.00	0.50	0.00	0.00
120.70	24.90	25.40	25.10	25.10	25.00	0.00	0.50	0.00	0.00
120.80	24.90	25.40	25.10	25.10	25.00	0.00	0.30	0.00	0.00
120.90	24.80	25.30	25.10	25.00	25.00	0.20	0.50	0.00	0.00
121.00	24.80	25.40	25.10	25.10	25.10	0.00	0.20	0.00	0.00
121.10	24.80	25.40	25.10	25.10	25.10	0.30	0.80	0.00	0.00
121.20	24.90	25.40	25.10	25.10	25.10	0.50	0.30	0.00	0.00
121.30	24.90	25.50	25.10	25.20	25.20	0.20	0.30	0.00	0.00
121.40	24.90	25.50	25.10	25.20	25.20	0.00	0.80	0.00	0.00
121.50	25.00	25.40	25.10	25.20	25.10	-0.30	0.50	0.00	0.00
121.60	25.00	25.40	25.10	25.20	25.10	-0.30	0.50	0.00	0.00
121.70	24.90	25.40	25.10	25.10	25.00	-0.10	-1.70	0.00	0.00
121.80	25.00	25.60	25.30	25.30	25.20	0.50	0.30	0.00	0.00
121.90	25.00	25.60	25.30	25.30	25.20	0.20	0.80	0.00	0.00
122.00	24.70	25.40	25.00	25.00	25.00	0.20	0.80	0.00	0.00
122.10	24.90	25.50	25.10	25.20	25.10	0.00	1.00	0.00	0.00
122.20	24.90	25.50	25.10	25.20	25.10	0.20	0.00	0.00	0.00
122.30	24.90	25.40	25.20	25.10	25.00	0.00	0.30	0.00	0.00
122.40	24.90	25.40	25.20	25.00	25.00	0.20	0.50	0.00	0.00
122.50	24.90	25.40	25.20	25.00	25.00	0.00	0.70	0.00	0.00
122.60	24.90	25.50	25.10	25.10	25.10	0.00	0.70	0.00	0.00
