Ambient Temperature(C): 23.3
Ambient Pressure(in Hg): 29.5
Time(s)	T1(Deg C)	Wall Temp(Deg C)	Top Plate(Deg C)	Bottom Plate(Deg C)	P1(PSI)	P2(PSI)	Mass Flowrate(g/min)	Heater Energy (kJ)

0.00	28.90	30.20	29.00	26.10	0.80	1.90	0.00	0.00
0.10	28.90	30.20	29.00	26.10	0.40	1.10	0.00	0.00
0.20	28.90	30.40	29.10	26.30	1.00	1.60	0.00	0.00
0.30	29.00	30.30	29.10	26.20	0.70	1.10	0.00	0.00
0.40	29.00	30.30	29.10	26.20	-0.40	1.40	0.00	0.00
0.50	29.00	30.30	29.10	26.10	-0.40	1.40	0.00	0.00
0.60	28.80	30.20	29.00	26.10	1.10	1.30	0.00	0.00
0.70	28.80	30.20	29.00	26.10	0.80	1.40	0.00	0.00
0.80	29.00	30.30	29.10	26.10	0.70	1.40	0.00	0.00
0.90	29.00	30.40	29.10	26.20	0.50	1.40	0.00	0.00
1.00	29.00	30.40	29.10	26.20	0.50	1.40	0.00	0.00
1.10	29.00	30.40	29.00	26.20	1.00	1.60	0.00	0.00
1.20	29.00	30.30	29.00	26.20	0.50	1.60	0.00	0.00
1.30	29.00	30.30	29.00	26.20	0.70	2.00	0.00	0.00
1.40	28.80	30.30	29.00	26.10	1.00	1.30	0.00	0.00
1.50	28.90	30.30	29.00	26.10	1.00	1.30	0.00	0.00
1.60	28.90	30.30	29.00	26.10	1.00	1.30	0.00	0.00
1.70	29.00	30.30	29.00	26.10	1.30	0.20	0.00	0.00
1.80	29.00	30.30	29.00	26.20	0.80	1.40	0.00	0.00
1.90	29.00	30.30	29.00	26.20	0.80	1.40	0.00	0.00
2.00	29.00	30.30	29.00	26.20	0.40	1.30	0.00	0.00
2.10	29.00	30.20	29.00	26.20	0.70	1.90	0.00	0.00
2.20	29.00	30.20	29.00	26.20	1.00	1.40	0.00	0.00
2.30	29.00	30.30	29.10	26.30	1.30	1.30	0.00	0.00
2.40	29.10	30.50	29.20	26.20	1.30	1.30	0.00	0.00
2.50	29.10	30.50	29.20	26.20	1.00	1.70	0.00	0.00
2.60	28.90	30.30	29.10	26.20	0.70	1.00	0.00	0.00
2.70	28.90	30.30	29.10	26.20	-0.10	1.40	0.00	0.00
2.80	29.00	30.30	29.00	26.30	0.50	1.40	0.00	0.00
2.90	29.00	30.30	29.00	26.10	1.00	1.70	0.00	0.00
3.00	29.00	30.30	29.00	26.10	0.70	1.70	0.00	0.00
3.10	29.00	30.20	29.10	26.20	0.50	1.40	0.00	0.00
3.20	29.00	30.30	29.00	26.20	0.50	1.60	0.00	0.00
3.30	29.00	30.30	29.00	26.20	0.80	1.70	0.00	0.00
3.40	28.90	30.30	29.00	26.20	0.80	1.70	0.00	0.00
3.50	29.00	30.20	29.00	26.10	1.00	1.60	0.00	0.00
3.60	29.00	30.20	29.00	26.10	0.40	1.40	0.00	0.00
3.70	28.90	30.30	29.10	26.10	1.00	1.70	0.00	0.00
3.80	29.00	30.20	29.00	26.20	1.00	0.70	0.00	0.00
3.90	29.00	30.20	29.00	26.20	-1.20	1.60	0.00	0.00
4.00	29.10	30.30	29.10	26.30	0.80	1.40	0.00	0.00
4.10	29.10	30.30	29.10	26.30	0.70	1.70	0.00	0.00
4.20	29.00	30.40	29.00	26.10	1.00	1.40	0.00	0.00
4.30	29.00	30.40	29.00	26.10	1.00	1.40	0.00	0.00
4.40	29.00	30.40	29.00	26.10	1.40	1.00	0.00	0.00
4.50	29.10	30.30	29.10	26.30	1.00	1.10	0.00	0.00
4.60	28.90	30.30	29.00	26.10	1.00	1.40	0.00	0.00
4.70	28.90	30.30	29.00	26.10	1.00	1.70	0.00	0.00
4.80	29.10	30.30	29.10	26.10	1.10	1.60	0.00	0.00
4.90	29.10	30.40	29.10	26.20	1.60	1.10	0.00	0.00
5.00	29.10	30.40	29.10	26.20	0.80	1.60	0.00	0.00
5.10	29.00	30.30	29.00	26.20	0.70	1.40	0.00	0.00
5.20	29.00	30.20	29.00	26.00	0.40	1.40	0.00	0.00
5.30	29.00	30.20	29.00	26.00	0.40	1.40	0.00	0.00
5.40	29.00	30.30	28.90	26.20	0.40	1.60	0.00	0.00
5.50	29.00	30.30	29.10	26.20	0.70	1.40	0.00	0.00
5.60	29.00	30.30	29.10	26.20	0.80	1.00	0.00	0.00
5.70	29.00	30.40	29.10	26.10	0.80	1.40	0.00	0.00
5.80	29.10	30.30	29.00	26.10	1.10	1.70	0.00	0.00
5.90	29.10	30.30	29.00	26.10	0.80	1.30	0.00	0.00
6.00	29.00	30.30	29.10	26.20	0.50	1.30	0.00	0.00
6.10	29.10	30.40	29.10	26.20	0.50	1.60	0.00	0.00
6.20	29.10	30.40	29.10	26.20	0.50	1.60	0.00	0.00
6.30	29.20	30.20	29.10	26.10	0.70	1.70	0.00	0.00
6.40	28.90	30.30	29.10	26.10	0.80	1.10	0.00	0.00
6.50	28.90	30.30	29.10	26.10	0.70	1.40	0.00	0.00
6.60	29.10	30.30	29.00	26.10	0.80	1.70	0.00	0.00
6.70	29.10	30.30	29.00	26.20	0.70	1.60	0.00	0.00
6.80	29.10	30.30	29.00	26.20	0.80	1.60	0.00	0.00
6.90	29.10	30.30	29.10	26.20	0.40	1.70	0.00	0.00
7.00	29.00	30.30	29.10	26.20	0.70	1.40	0.00	0.00
7.10	29.00	30.30	29.10	26.20	0.70	1.40	0.00	0.00
7.20	29.20	30.30	29.10	26.20	0.80	1.30	0.00	0.00
7.30	29.20	30.30	29.10	26.20	0.50	1.40	0.00	0.00
7.40	29.10	30.30	29.20	26.30	0.50	1.40	0.00	0.00
7.50	29.10	30.30	29.20	26.30	0.70	1.40	0.00	0.00
7.60	29.10	30.20	29.00	26.20	2.50	2.00	0.00	0.00
7.70	28.10	30.20	29.10	26.10	3.60	2.50	0.00	0.00
7.80	28.10	30.20	29.10	26.10	3.30	2.40	0.00	0.00
7.90	29.60	30.20	29.10	26.20	3.30	2.40	0.00	0.00
8.00	30.10	30.30	29.10	26.10	3.30	2.20	0.00	0.00
8.10	30.10	30.30	29.10	26.10	3.30	2.20	0.00	0.00
8.20	30.30	30.30	29.10	26.10	3.30	2.20	0.00	0.00
8.30	30.20	30.30	29.10	26.20	3.00	2.50	0.00	0.00
8.40	30.20	30.30	29.10	26.20	3.10	1.90	0.00	0.00
8.50	30.30	30.30	29.20	26.20	3.10	1.70	0.00	0.00
8.60	30.20	30.30	29.10	26.10	3.10	2.00	0.00	0.00
8.70	30.20	30.30	29.10	26.10	3.10	2.70	0.00	0.00
8.80	30.10	30.30	29.10	26.10	3.10	2.20	0.00	0.00
8.90	30.10	30.30	29.10	26.10	3.30	2.70	0.00	0.00
9.00	30.10	30.30	29.00	26.30	3.30	2.70	0.00	0.00
9.10	29.90	30.30	29.10	26.20	3.70	2.00	0.00	0.00
9.20	29.90	30.30	29.10	26.20	3.10	1.90	0.00	0.00
9.30	29.90	30.30	29.10	26.30	2.80	1.70	0.00	0.00
9.40	29.90	30.30	29.10	26.30	3.30	2.70	0.00	0.00
9.50	29.70	30.20	28.90	26.10	3.10	2.40	0.00	0.00
9.60	29.70	30.20	28.90	26.10	2.80	2.70	0.00	0.00
9.70	29.70	30.40	29.10	26.20	2.80	2.00	0.01	0.00
9.80	29.60	30.30	29.00	26.10	3.00	2.50	0.01	0.00
9.90	29.60	30.30	29.00	26.10	2.80	2.00	0.01	0.00
10.00	29.60	30.10	29.00	26.00	2.80	2.00	0.01	0.00
10.10	29.60	30.20	29.00	26.20	3.00	1.90	0.02	0.00
10.20	29.60	30.20	29.00	26.20	3.10	2.50	1.73	0.00
10.30	29.70	30.30	29.10	26.20	2.50	2.50	4.88	0.00
10.40	29.60	30.20	28.90	26.00	3.40	2.50	8.34	0.00
10.50	29.60	30.20	28.90	26.00	3.30	1.60	11.39	0.00
10.60	29.70	30.30	29.20	26.20	3.40	3.30	14.02	0.00
10.70	29.60	30.20	29.00	26.10	3.30	2.40	15.83	0.00
10.80	29.60	30.20	29.00	26.10	4.20	1.90	17.45	0.00
10.90	29.60	30.20	29.00	26.20	3.00	2.20	19.02	0.00
11.00	29.60	30.20	29.00	26.20	3.00	2.20	20.23	0.00
11.10	29.70	30.20	29.10	26.00	3.90	1.30	21.35	0.00
11.20	29.70	30.20	29.00	26.10	3.40	2.00	22.53	0.00
11.30	29.70	30.20	29.00	26.10	3.70	1.90	23.95	0.00
11.40	29.90	30.30	29.00	26.20	3.30	1.90	25.20	0.00
11.50	30.00	30.20	29.10	26.20	3.90	2.40	26.44	0.00
11.60	30.00	30.20	29.10	26.20	3.70	1.70	27.69	0.00
11.70	30.10	30.20	29.00	26.10	3.90	2.00	28.91	0.00
11.80	30.10	30.20	28.90	26.20	3.60	2.20	30.04	0.00
11.90	30.10	30.20	28.90	26.20	3.60	2.20	31.41	0.00
12.00	30.20	30.50	29.10	26.20	3.60	1.70	32.57	0.00
12.10	30.30	30.20	29.00	26.20	4.20	1.90	33.70	0.00
12.20	30.30	30.20	29.00	26.20	4.50	2.50	34.61	0.00
12.30	30.50	30.30	29.10	26.20	4.40	2.00	35.39	0.00
12.40	30.50	30.30	29.10	26.30	4.40	2.00	36.36	0.00
12.50	30.50	30.30	29.10	26.30	4.70	2.50	37.45	0.00
12.60	30.50	30.30	29.10	26.30	4.50	2.00	38.91	0.00
12.70	30.60	30.30	29.00	26.10	5.10	1.70	40.59	0.00
12.80	30.60	30.30	29.00	26.10	2.80	2.40	41.93	0.00
12.90	30.60	30.40	29.10	26.20	2.80	2.40	42.93	0.00
13.00	30.60	30.20	29.00	26.20	5.10	2.00	43.71	0.00
13.10	30.60	30.20	29.00	26.20	5.10	2.40	44.70	0.00
13.20	30.90	30.20	29.10	26.20	5.10	2.00	44.84	0.00
13.30	30.90	30.30	29.10	26.20	5.10	1.90	44.77	0.00
13.40	30.90	30.30	29.10	26.20	5.70	2.00	44.70	0.00
13.50	31.20	30.40	29.20	26.20	5.60	2.00	44.66	0.00
13.60	31.10	30.30	29.20	26.30	5.90	1.70	44.99	0.00
13.70	31.10	30.30	29.20	26.30	5.90	2.00	47.21	0.00
13.80	31.10	30.20	29.00	26.20	5.90	2.00	49.41	0.00
13.90	31.10	30.20	29.10	26.10	6.20	2.00	50.10	0.00
14.00	31.10	30.20	29.10	26.10	6.20	2.00	50.49	0.00
14.10	31.20	30.20	29.00	26.00	6.40	1.90	50.41	0.00
14.20	31.20	30.20	29.00	26.00	5.90	2.20	50.41	0.00
14.30	31.40	30.20	28.90	26.20	6.20	2.00	50.32	0.00
14.40	31.40	30.30	29.00	26.10	6.00	1.90	50.24	0.00
14.50	31.40	30.30	29.00	26.10	7.00	2.00	50.13	0.00
14.60	31.50	30.30	29.20	26.30	7.10	2.00	50.13	0.00
14.70	31.70	30.20	29.10	26.10	7.10	2.00	50.04	0.00
14.80	31.70	30.20	29.10	26.10	7.10	2.00	49.99	0.00
14.90	31.60	30.30	29.10	26.20	6.70	2.40	49.94	0.00
15.00	31.60	30.30	29.10	26.20	7.00	1.90	49.87	0.00
15.10	31.70	30.20	29.10	26.00	7.70	1.70	49.76	0.00
15.20	31.80	30.30	29.10	26.20	7.90	1.60	49.79	0.00
15.30	31.80	30.30	29.10	26.20	7.60	2.00	49.68	0.00
15.40	31.60	30.20	29.10	26.10	7.40	1.60	49.65	0.00
15.50	31.60	30.20	29.10	26.10	7.70	2.50	49.66	0.00
15.60	31.60	30.10	28.90	26.10	8.00	2.40	49.59	0.00
15.70	31.60	30.10	28.90	26.20	8.00	2.40	49.53	0.00
15.80	31.60	30.10	28.90	26.20	7.70	2.20	49.50	0.00
15.90	31.70	30.20	28.90	26.10	8.00	2.40	49.46	0.00
16.00	31.90	30.20	29.10	26.20	8.00	2.20	49.42	0.00
16.10	31.90	30.20	29.10	26.20	8.80	3.30	49.72	0.00
16.20	31.90	30.30	29.10	26.10	8.50	2.00	50.44	0.00
16.30	31.90	30.20	29.00	26.10	8.70	2.40	50.73	0.00
16.40	31.90	30.20	29.00	26.10	9.10	2.40	50.70	0.00
16.50	31.90	30.10	29.00	26.10	8.70	2.40	50.72	0.00
16.60	31.90	30.10	29.00	26.10	9.00	2.20	50.57	0.00
16.70	31.90	30.10	29.00	26.10	9.00	2.20	50.52	0.00
16.80	32.10	30.30	29.00	26.10	9.40	2.20	50.53	0.00
16.90	32.00	30.10	28.90	26.00	9.10	1.90	50.50	0.00
17.00	32.00	30.10	28.90	26.00	9.40	1.90	50.40	0.00
17.10	32.10	30.20	29.00	26.10	9.60	2.50	50.37	0.00
17.20	32.10	30.20	29.00	26.10	9.30	2.20	50.36	0.00
17.30	32.30	30.20	29.10	26.30	9.60	2.20	50.27	0.00
17.40	32.00	30.30	29.00	26.10	10.10	2.20	50.20	0.00
17.50	32.00	30.30	29.00	26.10	10.10	2.00	50.21	0.00
17.60	32.10	30.30	29.10	26.20	10.10	2.00	50.17	0.00
17.70	32.10	30.20	29.00	26.10	10.40	2.20	50.11	0.00
17.80	32.10	30.20	29.00	26.10	10.50	2.20	50.13	0.00
17.90	32.20	30.30	29.00	26.10	10.80	1.70	50.04	0.00
18.00	32.20	30.30	29.00	26.10	10.50	1.70	50.04	0.00
18.10	32.10	30.20	29.00	26.10	10.70	2.00	50.00	0.00
18.20	32.10	30.30	29.10	26.10	10.80	1.60	49.98	0.00
18.30	32.10	30.30	29.10	26.10	10.50	2.20	49.91	0.00
18.40	32.20	30.20	29.00	26.00	10.70	2.40	49.93	0.00
18.50	32.30	30.30	29.20	26.10	11.30	2.00	49.85	0.00
18.60	32.30	30.30	29.00	26.20	11.30	2.00	49.81	0.00
18.70	32.30	30.30	29.00	26.20	10.50	2.50	49.82	0.00
18.80	32.40	30.10	29.00	26.10	11.60	1.90	49.78	0.00
18.90	32.40	30.10	29.00	26.10	11.70	2.00	49.73	0.00
19.00	32.20	30.20	29.00	26.20	11.60	2.00	49.69	0.00
19.10	32.30	30.30	29.00	26.20	11.60	2.50	49.72	0.00
19.20	32.30	30.30	29.00	26.20	11.70	1.90	49.60	0.00
19.30	32.50	30.30	29.10	26.20	12.10	2.40	49.59	0.00
19.40	32.30	30.20	29.10	26.20	12.20	2.40	49.62	0.00
19.50	32.30	30.20	29.10	26.20	12.20	2.50	49.56	0.00
19.60	32.40	30.30	29.20	26.20	12.20	2.00	49.55	0.00
19.70	32.40	30.30	29.10	26.20	12.80	1.60	49.50	0.00
19.80	32.40	30.30	29.10	26.20	12.70	1.90	49.47	0.00
19.90	32.40	30.10	29.00	26.10	12.20	2.50	49.47	0.00
20.00	32.50	30.30	29.10	26.20	12.50	2.20	49.44	0.00
20.10	32.50	30.30	29.10	26.20	12.50	2.20	49.43	0.00
20.20	32.50	30.20	29.10	26.10	13.30	1.90	49.42	0.00
20.30	32.30	30.20	28.90	26.10	12.80	1.90	49.38	0.00
20.40	32.30	30.20	28.90	26.10	13.30	1.90	49.38	0.00
20.50	32.60	30.20	29.10	26.20	13.30	1.90	49.38	0.00
20.60	32.60	30.20	29.10	26.20	13.10	2.00	49.99	0.00
20.70	32.50	30.40	29.10	26.20	13.70	2.20	51.20	0.00
20.80	32.40	30.20	29.10	26.20	13.40	2.00	51.27	0.00
20.90	32.40	30.20	29.10	26.20	13.90	2.40	51.21	0.00
21.00	32.50	30.30	29.20	26.30	14.40	1.90	51.18	0.00
21.10	32.50	30.30	29.10	26.20	13.90	1.60	51.10	0.00
21.20	32.50	30.30	29.10	26.20	14.10	2.20	51.10	0.00
21.30	32.60	30.20	29.00	26.10	14.10	1.90	51.03	0.00
21.40	32.50	30.20	29.10	26.20	14.40	1.90	50.96	0.00
21.50	32.50	30.20	29.10	26.20	14.40	1.90	50.89	0.00
21.60	32.70	30.30	29.00	26.20	14.50	2.00	50.86	0.00
21.70	32.80	30.20	29.10	26.20	14.70	2.00	50.85	0.00
21.80	32.80	30.20	29.10	26.20	14.40	1.90	50.82	0.00
21.90	32.70	30.20	29.20	26.30	14.80	1.90	50.75	0.00
22.00	32.70	30.20	29.20	26.30	14.80	2.40	50.70	0.00
22.10	32.50	30.00	28.90	26.10	15.00	2.40	50.62	0.00
22.20	32.70	30.20	29.00	26.10	15.00	2.00	50.62	0.00
22.30	32.70	30.20	29.00	26.10	15.30	1.70	50.58	0.00
22.40	32.60	30.20	29.10	26.20	15.30	1.70	50.51	0.00
22.50	32.80	30.30	29.10	26.30	15.10	2.00	50.49	0.00
22.60	32.80	30.30	29.10	26.30	15.60	2.20	50.00	0.00
22.70	32.60	30.20	29.00	26.00	15.90	1.90	49.67	0.00
22.80	32.60	30.10	29.00	26.00	15.90	2.00	49.66	0.00
22.90	32.60	30.10	29.00	26.00	15.90	1.90	49.65	0.00
23.00	32.70	30.30	29.20	26.20	16.20	2.00	49.57	0.00
23.10	32.60	30.20	28.90	26.10	15.90	2.00	49.59	0.00
23.20	32.60	30.20	28.90	26.10	15.90	2.40	49.57	0.00
23.30	32.80	30.30	29.20	26.20	16.50	1.90	49.56	0.00
23.40	32.70	30.20	29.00	26.10	16.50	1.90	49.57	0.00
23.50	32.70	30.20	29.00	26.10	15.70	2.00	49.51	0.00
23.60	32.70	30.10	29.10	26.20	16.70	2.00	49.44	0.00
23.70	32.70	30.10	29.10	26.20	16.70	2.40	49.44	0.00
23.80	32.80	30.30	29.10	26.20	16.50	2.20	49.49	0.00
23.90	32.80	30.20	29.20	26.20	17.00	2.50	49.40	0.00
24.00	32.80	30.20	29.20	26.20	16.70	2.40	49.37	0.00
24.10	32.80	30.20	29.10	26.10	17.10	2.70	49.36	0.00
24.20	32.80	30.20	29.10	26.10	17.30	2.00	49.30	0.00
24.30	33.00	30.30	29.20	26.30	17.30	2.00	49.34	0.00
24.40	32.90	30.20	29.00	26.20	17.30	2.00	49.27	0.00
24.50	32.90	30.20	29.00	26.20	17.80	2.40	49.27	0.00
24.60	33.00	30.30	29.10	26.30	17.80	1.90	49.24	0.00
24.70	33.00	30.40	29.10	26.30	17.90	2.00	49.20	0.00
24.80	33.00	30.40	29.10	26.30	17.60	2.20	49.23	0.00
24.90	33.00	30.40	29.20	26.30	17.80	1.90	49.18	0.00
25.00	32.90	30.30	29.20	26.30	18.20	2.40	49.18	0.00
25.10	32.90	30.30	29.20	26.30	18.20	1.70	49.18	0.00
25.20	32.80	30.20	29.00	26.20	18.10	1.90	49.17	0.00
25.30	32.80	30.20	29.00	26.20	18.10	1.90	49.14	0.00
25.40	32.90	30.30	29.00	26.10	18.40	1.90	49.16	0.00
25.50	32.90	30.30	29.10	26.20	18.50	2.00	49.67	0.00
25.60	32.90	30.30	29.10	26.20	18.70	2.20	50.44	0.00
25.70	32.80	30.20	29.00	26.10	19.00	1.60	50.79	0.00
25.80	33.00	30.20	29.00	26.10	19.30	2.20	50.76	0.00
25.90	33.00	30.20	29.00	26.10	18.80	1.90	50.72	0.00
26.00	32.90	30.30	29.10	26.10	19.10	2.40	50.73	0.00
26.10	32.90	30.10	29.10	26.20	19.30	2.20	50.72	0.00
26.20	32.90	30.10	29.10	26.20	19.30	2.20	50.60	0.00
26.30	33.00	30.20	29.00	26.30	19.60	2.50	50.65	0.00
26.40	33.00	30.20	29.00	26.30	19.60	2.00	50.59	0.00
26.50	32.90	30.20	29.00	26.20	20.10	1.70	50.52	0.00
26.60	33.10	30.30	29.00	26.10	19.60	2.40	50.52	0.00
26.70	33.10	30.30	29.00	26.10	20.20	0.50	50.54	0.00
26.80	33.00	30.20	28.90	26.20	19.60	2.40	50.50	0.00
26.90	33.00	30.20	29.10	26.20	20.10	2.20	50.46	0.00
27.00	33.00	30.20	29.10	26.20	20.10	2.20	50.47	0.00
27.10	33.00	30.10	28.90	26.30	20.10	2.20	50.37	0.00
27.20	32.90	30.10	29.00	26.20	20.20	2.00	50.38	0.00
27.30	32.90	30.10	29.00	26.20	20.20	1.60	50.36	0.00
27.40	33.00	30.30	29.10	26.20	21.00	1.90	50.31	0.00
27.50	33.00	30.20	29.00	26.10	20.70	2.00	50.25	0.00
27.60	33.00	30.20	29.00	26.10	20.80	2.20	50.24	0.00
27.70	33.00	30.10	29.00	26.00	21.00	2.00	50.24	0.00
27.80	33.00	30.10	29.00	26.00	21.30	2.00	50.13	0.00
27.90	33.00	30.20	29.00	26.20	21.30	1.60	50.15	0.00
28.00	33.30	30.20	28.90	26.20	21.40	2.00	50.13	0.00
28.10	33.30	30.20	28.90	26.20	21.40	2.00	50.07	0.00
28.20	33.10	30.20	29.00	26.20	21.60	2.20	50.05	0.00
28.30	33.10	30.20	29.00	26.10	21.60	2.00	50.06	0.00
28.40	33.10	30.20	29.00	26.20	22.10	2.40	50.01	0.00
28.50	33.10	30.20	29.00	26.20	22.40	2.00	50.00	0.00
28.60	33.00	30.10	28.90	26.10	21.90	2.40	49.95	0.00
28.70	33.00	30.10	28.90	26.10	22.10	2.00	49.94	0.00
28.80	33.10	30.20	28.90	26.00	22.40	2.00	49.91	0.00
28.90	33.10	30.20	28.90	26.00	23.30	2.00	49.91	0.00
29.00	33.20	30.30	29.10	26.10	22.40	2.20	49.85	0.00
29.10	33.10	29.90	29.00	26.00	22.40	2.20	49.83	0.00
29.20	33.10	29.90	29.00	26.00	23.00	1.90	49.80	0.00
29.30	33.30	30.40	29.10	26.20	22.80	1.90	49.79	0.00
29.40	33.30	30.40	29.10	26.20	21.30	2.20	49.76	0.00
29.50	33.20	30.30	29.10	26.20	22.70	2.00	49.75	0.00
29.60	33.20	30.20	29.10	26.30	23.00	2.00	49.76	0.00
29.70	33.20	30.20	29.10	26.30	22.80	2.00	49.65	0.00
29.80	33.10	30.10	29.10	26.20	23.30	2.40	49.66	0.00
29.90	33.10	30.20	29.00	26.20	23.30	2.20	49.66	0.00
30.00	33.10	30.20	29.00	26.20	23.30	2.20	49.61	0.00
30.10	33.30	30.20	29.10	26.30	23.60	2.40	49.59	0.00
30.20	33.40	30.20	29.20	26.40	23.80	0.80	49.55	0.00
30.30	33.40	30.20	29.20	26.40	24.10	1.30	49.48	0.00
30.40	33.30	30.20	29.10	26.20	23.60	2.20	49.49	0.00
30.50	33.30	30.20	29.20	26.20	24.20	2.20	49.49	0.00
30.60	33.30	30.20	29.20	26.20	24.40	2.40	49.48	0.00
30.70	33.10	30.10	29.00	26.10	22.40	1.90	49.44	0.00
30.80	33.30	30.20	29.00	26.30	24.50	2.70	49.42	0.00
30.90	33.30	30.20	29.00	26.30	24.50	2.70	49.41	0.00
31.00	33.30	30.10	29.10	26.10	24.40	2.00	49.36	0.00
31.10	33.40	30.30	29.10	26.10	24.50	1.90	49.37	0.00
31.20	33.40	30.30	29.10	26.10	25.00	2.40	49.28	0.00
31.30	33.30	30.20	29.10	26.20	25.00	2.00	49.25	0.00
31.40	33.20	30.20	29.00	26.00	24.80	2.00	49.15	0.00
31.50	33.20	30.20	29.00	26.00	24.80	2.00	49.16	0.00
31.60	33.30	30.30	29.10	26.30	25.60	1.70	49.23	0.00
31.70	33.30	30.20	29.10	26.10	25.40	2.00	49.67	0.00
31.80	33.30	30.20	29.10	26.10	25.60	2.00	50.81	0.00
31.90	33.30	30.20	29.10	26.20	25.60	2.00	51.41	0.00
32.00	33.40	30.30	29.00	26.20	25.90	1.90	51.42	0.00
32.10	33.40	30.30	29.00	26.20	25.90	1.90	51.41	0.00
32.20	33.30	30.20	29.10	26.20	26.10	1.90	51.28	0.00
32.30	33.30	30.20	29.10	26.20	26.20	1.90	51.29	0.00
32.40	33.40	30.10	29.10	26.20	26.40	2.20	51.23	0.00
32.50	33.50	30.30	29.10	26.20	26.50	2.40	51.16	0.00
32.60	33.50	30.30	29.10	26.20	26.70	2.00	51.08	0.00
32.70	33.30	30.20	29.00	26.20	26.80	2.20	51.07	0.00
32.80	33.40	30.10	29.00	26.20	26.80	2.20	51.03	0.00
32.90	33.40	30.10	29.00	26.20	26.50	2.00	50.97	0.00
33.00	33.30	30.20	29.00	26.10	26.50	1.30	50.96	0.00
33.10	33.30	30.10	29.00	26.20	27.00	1.60	50.89	0.00
33.20	33.30	30.10	29.00	26.20	27.00	1.70	50.79	0.00
33.30	33.40	30.20	29.10	26.30	27.30	2.20	50.81	0.00
33.40	33.50	30.30	29.20	26.30	27.30	2.40	50.10	0.00
33.50	33.50	30.30	29.20	26.30	27.50	2.50	49.78	0.00
33.60	33.50	30.20	29.00	26.20	27.30	1.90	49.83	0.00
33.70	33.30	30.20	29.20	26.20	27.30	1.90	49.72	0.00
33.80	33.30	30.20	29.20	26.20	27.60	1.70	49.69	0.00
33.90	33.50	30.20	29.10	26.20	27.50	2.00	49.72	0.00
34.00	33.50	30.20	29.10	26.20	28.10	1.70	49.68	0.00
34.10	33.50	30.30	29.10	26.20	28.20	1.90	49.63	0.00
34.20	33.40	30.10	29.00	26.10	27.80	2.20	49.62	0.00
34.30	33.40	30.20	29.00	26.10	28.40	2.20	49.61	0.00
34.40	33.40	30.20	29.00	26.10	28.70	2.00	49.49	0.00
34.50	33.60	30.20	29.00	26.20	28.80	1.70	49.49	0.00
34.60	33.60	30.20	29.00	26.20	28.80	1.70	49.47	0.00
34.70	33.40	30.20	29.20	26.20	28.80	1.70	49.48	0.00
34.80	33.40	30.20	29.20	26.20	28.70	1.90	49.46	0.00
34.90	33.50	30.20	29.20	26.30	29.00	2.40	49.40	0.00
35.00	33.50	30.20	29.00	26.20	29.50	2.70	49.33	0.00
35.10	33.50	30.20	29.00	26.20	29.50	2.00	49.35	0.00
35.20	33.50	30.20	29.10	26.20	29.10	2.00	49.29	0.00
35.30	33.40	30.20	29.10	26.10	29.10	2.20	49.28	0.00
35.40	33.40	30.20	29.10	26.10	29.50	2.00	49.22	0.00
35.50	33.50	30.20	29.10	26.10	29.80	1.70	49.17	0.00
35.60	33.40	30.10	29.00	26.10	29.80	1.70	49.18	0.00
35.70	33.40	30.10	29.00	26.10	30.20	1.90	49.15	0.00
35.80	33.40	30.20	29.00	26.10	29.90	2.20	49.12	0.00
35.90	33.50	30.10	29.00	26.30	30.10	2.20	49.15	0.00
36.00	33.50	30.10	29.00	26.30	30.10	2.00	49.10	0.00
36.10	33.50	30.20	29.10	26.20	30.10	2.20	49.04	0.00
36.20	33.60	30.10	29.20	26.30	30.40	1.40	49.02	0.00
36.30	33.60	30.10	29.20	26.30	30.40	2.20	49.02	0.00
36.40	33.40	30.10	29.10	26.10	30.50	1.60	49.01	0.00
36.50	33.40	30.20	29.00	26.20	30.50	1.60	49.17	0.00
36.60	33.40	30.20	29.00	26.20	31.10	1.90	50.12	0.00
36.70	33.50	30.20	29.10	26.20	31.00	1.90	50.63	0.00
36.80	33.60	30.30	29.10	26.30	31.00	2.20	50.84	0.00
36.90	33.60	30.30	29.10	26.30	31.10	2.50	50.77	0.00
37.00	33.60	30.10	29.00	26.20	31.30	2.00	50.78	0.00
37.10	33.60	30.20	29.00	26.20	31.50	2.70	50.69	0.00
37.20	33.60	30.20	29.00	26.20	31.30	2.50	50.66	0.00
37.30	33.50	30.10	29.00	26.20	32.10	1.90	50.57	0.00
37.40	33.50	30.20	29.10	26.20	32.10	1.90	50.52	0.00
37.50	33.50	30.20	29.10	26.20	32.10	1.90	50.52	0.00
37.60	33.50	30.20	29.10	26.30	31.90	3.00	50.47	0.00
37.70	33.50	30.20	29.10	26.20	32.20	1.90	50.46	0.00
37.80	33.50	30.20	29.10	26.20	31.80	2.00	50.40	0.00
37.90	33.60	30.20	29.10	26.20	32.20	1.70	50.33	0.00
38.00	33.60	30.20	29.10	26.20	33.30	1.70	50.26	0.00
38.10	33.50	30.20	29.00	26.20	32.10	2.00	50.24	0.00
38.20	33.50	30.10	29.10	26.10	32.50	2.00	50.20	0.00
38.30	33.50	30.10	29.10	26.10	32.50	1.90	50.24	0.00
38.40	33.50	30.20	29.00	26.10	32.50	1.90	50.19	0.00
38.50	33.50	30.20	29.00	26.10	32.80	2.00	50.10	0.00
38.60	33.50	30.20	29.00	26.10	33.30	1.90	50.17	0.00
38.70	33.50	30.20	29.00	26.20	33.10	1.90	50.08	0.00
38.80	33.50	30.10	29.10	26.10	33.10	2.50	49.98	0.00
38.90	33.50	30.10	29.10	26.10	33.30	2.20	50.01	0.00
39.00	33.40	30.10	28.90	26.10	33.50	1.70	49.96	0.00
39.10	33.50	30.10	29.10	26.30	33.50	2.00	49.88	0.00
39.20	33.50	30.10	29.10	26.30	33.50	2.50	49.88	0.00
39.30	33.40	30.00	28.90	26.20	33.50	2.50	49.79	0.00
39.40	33.60	30.20	29.10	26.20	33.80	2.20	49.80	0.00
39.50	33.60	30.20	29.10	26.20	33.80	2.20	49.76	0.00
39.60	33.50	30.20	29.10	26.20	33.80	1.90	49.75	0.00
39.70	33.60	30.20	29.10	26.10	34.20	2.00	49.63	0.00
39.80	33.60	30.20	29.10	26.10	34.40	2.00	49.70	0.00
39.90	33.60	30.30	29.10	26.20	34.20	1.90	49.60	0.00
40.00	33.70	30.20	29.20	26.20	34.50	1.70	49.61	0.00
40.10	33.70	30.20	29.20	26.20	34.70	2.20	49.50	0.00
40.20	33.60	30.20	29.00	26.20	34.70	2.20	49.51	0.00
40.30	33.70	30.30	29.20	26.30	34.70	1.90	49.50	0.00
40.40	33.70	30.30	29.20	26.30	35.30	2.20	49.40	0.00
40.50	33.50	30.20	29.10	26.20	35.00	1.70	49.38	0.00
40.60	33.50	30.20	29.10	26.20	34.80	1.90	49.36	0.00
40.70	33.60	30.20	29.10	26.20	35.30	2.20	49.41	0.00
40.80	33.60	30.10	28.90	26.20	35.00	2.20	49.30	0.00
40.90	33.60	30.10	28.90	26.20	35.50	2.00	49.31	0.00
41.00	33.60	30.10	29.00	26.20	35.60	2.40	49.22	0.00
41.10	33.60	30.20	29.10	26.20	35.80	2.00	49.25	0.00
41.20	33.60	30.20	29.10	26.20	35.80	2.00	49.20	0.00
41.30	33.60	30.20	29.00	26.20	35.80	1.90	49.18	0.00
41.40	33.60	30.20	29.10	26.20	35.60	2.20	49.24	0.00
41.50	33.60	30.20	29.10	26.20	36.10	1.90	50.24	0.00
41.60	33.50	30.10	28.90	26.10	36.40	2.20	51.35	0.00
41.70	33.40	30.20	29.10	26.10	36.20	2.00	51.67	0.00
41.80	33.40	30.20	29.10	26.10	36.40	2.00	51.78	0.00
41.90	33.60	30.10	29.10	26.00	36.40	2.00	51.78	0.00
42.00	33.60	30.10	29.10	26.00	36.50	2.20	51.72	0.00
42.10	33.60	30.20	29.00	26.20	36.50	2.20	51.74	0.00
42.20	33.60	30.10	29.10	26.10	37.00	2.20	51.59	0.00
42.30	33.60	30.10	29.10	26.10	36.80	2.20	51.56	0.00
42.40	33.50	30.10	29.10	26.10	36.70	2.00	51.47	0.00
42.50	33.70	30.20	29.00	26.20	37.20	1.90	51.46	0.00
42.60	33.70	30.20	29.00	26.20	37.60	2.20	51.30	0.00
42.70	33.60	30.30	29.10	26.20	38.10	2.40	51.34	0.00
42.80	33.60	30.10	29.10	26.10	37.50	2.40	51.15	0.00
42.90	33.60	30.10	29.10	26.10	37.50	2.00	51.15	0.00
43.00	33.70	30.20	29.00	26.20	37.90	2.40	51.10	0.00
43.10	33.60	30.20	29.10	26.10	37.90	2.40	50.76	0.00
43.20	33.60	30.20	29.10	26.10	37.90	2.20	49.95	0.00
43.30	33.70	30.00	29.00	26.10	37.80	1.90	49.87	0.00
43.40	33.50	30.20	29.10	26.10	37.90	2.00	49.81	0.00
43.50	33.50	30.20	29.10	26.10	38.10	2.00	49.62	0.00
43.60	33.80	30.20	29.20	26.30	38.70	2.50	49.66	0.00
43.70	33.60	30.10	29.10	26.30	38.40	1.90	49.61	0.00
43.80	33.60	30.10	29.10	26.30	38.50	2.40	49.59	0.00
43.90	33.50	30.00	29.00	26.10	39.00	1.90	49.57	0.00
44.00	33.50	30.00	29.00	26.10	38.80	1.90	49.54	0.00
44.10	33.70	30.30	29.10	26.30	38.80	1.90	49.41	0.00
44.20	33.70	30.20	29.10	26.20	38.80	1.90	49.36	0.00
44.30	33.70	30.20	29.10	26.20	39.90	2.00	49.41	0.00
44.40	33.60	30.10	29.00	26.20	39.30	1.90	49.36	0.00
44.50	33.60	30.10	29.00	26.20	39.20	2.00	49.27	0.00
44.60	33.60	30.10	29.10	26.10	39.30	2.20	49.29	0.00
44.70	33.60	30.10	29.00	26.20	39.90	2.00	49.25	0.00
44.80	33.60	30.10	29.00	26.20	39.30	2.00	49.15	0.00
44.90	33.60	30.10	29.00	26.10	39.80	2.00	49.09	0.00
45.00	33.70	30.10	29.10	26.30	39.80	2.00	49.05	0.00
45.10	33.70	30.10	29.10	26.30	39.90	1.90	49.05	0.00
45.20	33.70	30.10	29.00	26.10	40.40	2.40	48.99	0.00
45.30	33.60	30.20	29.10	26.20	40.10	2.50	49.01	0.00
45.40	33.60	30.20	29.10	26.20	40.40	2.00	48.95	0.00
45.50	33.60	30.10	29.10	26.10	40.10	2.00	48.88	0.00
45.60	33.70	30.10	29.10	26.20	40.40	2.20	48.89	0.00
45.70	33.70	30.10	29.10	26.20	41.00	2.00	48.79	0.00
45.80	33.70	30.10	29.10	26.20	40.20	1.60	44.20	0.00
45.90	33.50	30.00	28.90	26.00	38.20	2.40	43.95	0.00
46.00	33.50	30.00	28.90	26.00	40.70	1.70	46.65	0.00
46.10	33.50	30.10	29.10	26.30	40.70	1.40	48.47	0.00
46.20	33.50	30.10	29.10	26.30	40.70	1.90	48.79	0.00
46.30	33.30	30.20	29.00	26.20	41.20	1.90	48.32	0.00
46.40	33.20	30.10	29.00	26.20	40.20	2.20	48.00	0.00
46.50	33.20	30.10	29.00	26.20	40.10	1.70	47.64	0.00
46.60	33.00	30.20	29.00	26.30	40.20	2.00	45.95	0.00
46.70	33.10	30.20	29.20	26.20	39.90	1.70	42.01	0.00
46.80	33.10	30.20	29.20	26.20	40.50	1.90	20.91	0.00
46.90	32.90	30.10	29.00	26.10	40.40	2.00	13.33	0.00
47.00	32.90	30.10	29.10	26.10	40.10	2.20	10.10	0.00
47.10	32.90	30.10	29.10	26.10	40.50	2.20	7.89	0.00
47.20	33.00	30.20	29.10	26.40	38.40	2.00	6.42	0.00
47.30	32.80	30.20	29.20	26.30	40.10	2.20	5.30	0.00
47.40	32.80	30.20	29.20	26.30	39.90	2.50	4.45	0.00
47.50	32.70	30.10	29.10	26.20	40.40	1.10	3.77	0.00
47.60	32.70	30.10	29.10	26.20	40.40	1.70	3.32	0.00
47.70	32.70	30.10	29.10	26.20	40.10	3.00	2.91	0.00
47.80	32.60	30.20	29.10	26.20	40.10	3.00	2.58	0.00
47.90	32.60	30.20	29.10	26.20	39.90	2.20	2.34	0.00
48.00	32.50	30.10	29.00	26.20	40.40	1.70	2.02	0.00
48.10	32.40	30.20	29.00	26.10	39.90	2.40	1.82	0.00
48.20	32.40	30.20	29.00	26.10	40.10	2.00	1.67	0.00
48.30	32.40	30.10	29.00	26.20	39.80	1.90	1.56	0.00
48.40	32.50	30.20	29.20	26.20	40.10	2.00	1.41	0.00
48.50	32.50	30.20	29.20	26.20	39.90	1.90	1.29	0.00
48.60	32.40	30.10	29.20	26.20	40.10	2.00	1.16	0.00
48.70	32.40	30.10	29.20	26.20	40.10	2.00	1.09	0.00
48.80	32.40	30.20	29.20	26.30	40.40	1.70	0.98	0.00
48.90	32.30	30.20	29.10	26.20	40.20	3.10	0.89	0.00
49.00	32.30	30.20	29.10	26.20	40.50	2.00	0.83	0.00
49.10	32.30	30.20	29.10	26.20	39.60	1.90	0.76	0.00
49.20	32.30	30.10	29.00	26.20	39.90	1.90	0.69	0.00
49.30	32.30	30.10	29.00	26.20	40.20	1.70	0.69	0.00
49.40	32.30	30.10	29.00	26.30	39.90	1.70	0.60	0.00
49.50	32.20	30.10	29.00	26.20	40.40	2.00	0.56	0.00
49.60	32.20	30.10	29.00	26.20	39.80	2.00	0.53	0.00
49.70	32.20	30.10	29.00	26.10	39.80	2.00	0.53	0.00
49.80	32.20	30.20	29.10	26.30	40.20	1.90	0.50	0.00
49.90	32.20	30.20	29.10	26.30	39.90	2.50	0.47	0.00
50.00	32.10	30.10	29.10	26.20	39.90	2.20	0.45	0.00
50.10	32.10	30.10	29.10	26.20	39.90	1.90	0.40	0.00
50.20	32.10	30.20	29.20	26.20	40.20	2.40	0.40	0.00
50.30	32.10	30.10	29.20	26.20	39.50	2.20	0.40	0.00
50.40	32.00	30.20	29.00	26.30	39.80	1.70	0.38	0.00
50.50	32.00	30.20	29.00	26.30	40.20	2.40	0.31	0.00
50.60	31.90	30.20	29.00	26.10	40.20	2.40	0.36	0.00
50.70	31.90	30.20	29.00	26.10	40.10	2.20	0.31	0.00
50.80	32.20	30.20	29.30	26.30	40.10	2.00	0.33	0.00
50.90	32.00	30.10	29.20	26.10	40.10	2.00	0.31	0.00
51.00	32.00	30.10	29.00	26.10	39.80	2.00	0.27	0.00
51.10	32.00	30.10	29.00	26.10	40.40	1.70	0.27	0.00
51.20	32.00	30.20	29.20	26.30	39.80	2.20	0.30	0.00
51.30	32.00	30.20	29.20	26.30	39.80	1.70	0.27	0.00
51.40	32.10	30.20	29.20	26.30	39.90	2.00	0.22	0.00
51.50	32.00	30.10	29.20	26.20	39.90	1.70	0.25	0.00
51.60	32.00	30.10	29.20	26.20	40.20	2.00	0.20	0.00
51.70	31.90	30.10	29.10	26.20	39.80	2.00	0.22	0.00
51.80	31.90	30.10	29.10	26.10	39.90	1.90	0.18	0.00
51.90	31.90	30.10	29.10	26.10	39.90	1.90	0.22	0.00
52.00	31.80	30.10	29.10	26.20	39.90	2.00	0.15	0.00
52.10	32.00	30.20	29.10	26.20	40.10	1.90	0.27	0.00
52.20	32.00	30.20	29.10	26.20	39.90	2.20	0.20	0.00
52.30	32.00	30.20	29.10	26.10	39.90	2.20	0.18	0.00
52.40	31.80	30.20	29.10	26.30	39.90	2.20	0.20	0.00
52.50	31.80	30.20	29.10	26.30	40.10	1.90	0.27	0.00
52.60	31.90	30.20	29.20	26.30	39.80	1.90	0.18	0.00
52.70	31.80	30.00	29.00	26.30	40.10	2.00	0.22	0.00
52.80	31.80	30.00	29.00	26.30	40.10	3.00	0.18	0.00
52.90	31.70	30.10	29.00	26.20	39.90	1.10	0.18	0.00
53.00	31.70	30.10	29.00	26.20	40.10	1.90	0.22	0.00
53.10	31.80	30.20	29.10	26.20	40.10	2.00	0.22	0.00
53.20	31.70	30.20	29.10	26.10	40.10	1.90	0.20	0.00
53.30	31.70	30.20	29.10	26.10	39.90	2.20	0.15	0.00
53.40	31.70	30.10	29.10	26.10	39.80	2.20	0.18	0.00
53.50	31.80	30.20	29.20	26.20	39.80	2.20	0.18	0.00
53.60	31.80	30.20	29.20	26.20	39.90	2.00	0.15	0.00
53.70	31.80	30.10	29.10	26.20	40.10	2.40	0.18	0.00
53.80	31.80	30.10	29.10	26.20	40.10	2.40	0.18	0.00
53.90	31.70	30.00	29.00	26.10	39.80	1.90	0.15	0.00
54.00	31.60	29.90	28.90	26.10	39.90	1.90	0.15	0.00
54.10	31.60	29.90	28.90	26.10	39.60	1.70	0.15	0.00
54.20	31.60	30.10	29.00	26.20	39.30	2.40	0.15	0.00
54.30	31.60	30.10	29.00	26.20	39.30	2.40	0.15	0.00
54.40	31.70	30.30	29.20	26.20	39.90	2.00	0.18	0.00
54.50	31.70	30.20	29.10	26.20	39.50	2.20	0.15	0.00
54.60	31.70	30.20	29.10	26.20	40.50	2.00	0.22	0.00
54.70	31.60	30.10	29.00	26.10	39.60	1.90	0.11	0.00
54.80	31.60	30.10	29.10	26.10	39.20	1.90	0.15	0.00
54.90	31.60	30.10	29.10	26.10	39.80	1.90	0.13	0.00
55.00	31.60	30.20	29.00	26.20	40.10	1.70	0.15	0.00
55.10	31.60	30.20	29.10	26.10	39.90	2.20	0.05	0.00
55.20	31.60	30.20	29.10	26.10	39.90	2.20	0.09	0.00
55.30	31.50	30.10	29.00	26.20	40.20	3.40	0.11	0.00
55.40	31.50	30.10	29.20	26.20	40.20	2.00	0.07	0.00
55.50	31.50	30.10	29.20	26.20	39.60	2.20	0.09	0.00
55.60	31.40	30.10	29.10	26.10	40.80	1.40	0.05	0.00
55.70	31.50	30.10	29.00	26.10	40.40	1.90	0.05	0.00
55.80	31.50	30.10	29.00	26.10	40.40	2.00	0.11	0.00
55.90	31.50	30.10	29.00	26.10	39.60	2.40	0.11	0.00
56.00	31.50	30.10	29.00	26.10	39.90	2.00	0.00	0.00
56.10	31.50	30.10	29.00	26.10	39.80	2.00	0.00	0.00
56.20	31.50	30.20	29.00	26.20	39.80	2.00	0.00	0.00
56.30	31.50	30.10	28.90	26.10	40.10	2.70	0.00	0.00
56.40	31.50	30.10	28.90	26.10	39.00	2.40	0.00	0.00
56.50	31.50	30.20	29.10	26.20	40.50	1.60	0.00	0.00
56.60	31.60	30.20	29.10	26.20	39.80	2.00	0.00	0.00
56.70	31.60	30.20	29.10	26.20	39.90	2.20	0.00	0.00
56.80	31.40	30.10	29.10	26.20	39.90	0.20	0.00	0.00
56.90	31.50	30.20	29.10	26.20	39.90	2.00	0.00	0.00
57.00	31.50	30.20	29.10	26.20	39.90	2.00	0.00	0.00
57.10	31.50	30.00	29.00	26.30	39.90	2.00	0.00	0.00
57.20	31.30	30.10	28.90	26.20	39.90	2.20	0.00	0.00
57.30	31.30	30.10	28.90	26.20	39.90	2.20	0.00	0.00
57.40	31.40	30.10	29.00	26.10	39.60	1.70	0.00	0.00
57.50	31.50	30.10	29.00	26.10	39.80	2.00	0.00	0.00
57.60	31.50	30.10	29.00	26.10	39.60	1.70	0.00	0.00
57.70	31.40	30.20	29.00	26.30	39.60	1.90	0.00	0.00
57.80	31.50	30.20	29.20	26.20	39.90	2.20	0.00	0.00
57.90	31.50	30.20	29.20	26.20	39.80	1.60	0.00	0.00
58.00	31.30	30.00	29.00	26.10	39.80	1.60	0.00	0.00
58.10	31.40	30.20	29.10	26.30	39.90	2.20	0.00	0.00
58.20	31.40	30.20	29.10	26.30	39.80	2.20	0.00	0.00
58.30	31.30	30.00	29.10	26.20	39.80	1.90	0.00	0.00
58.40	31.40	30.00	29.10	26.10	39.90	1.70	0.00	0.00
58.50	31.40	30.00	29.10	26.10	39.80	2.20	0.00	0.00
58.60	31.20	30.10	29.00	26.10	39.80	2.00	0.00	0.00
58.70	31.10	29.90	29.00	26.10	40.20	2.20	0.00	0.00
58.80	31.10	29.90	29.00	26.10	39.60	2.20	0.00	0.00
58.90	31.30	30.00	29.20	26.20	39.60	2.20	0.00	0.00
59.00	31.30	30.10	29.20	26.30	39.90	2.00	0.00	0.00
59.10	31.30	30.10	29.20	26.30	39.90	2.50	0.00	0.00
59.20	31.30	30.10	29.10	26.20	39.60	2.20	0.00	0.00
59.30	31.20	30.10	29.10	26.10	40.20	2.20	0.00	0.00
59.40	31.20	30.10	29.10	26.10	39.80	1.90	0.00	0.00
59.50	31.40	30.20	29.20	26.30	39.90	2.00	0.00	0.00
59.60	31.30	30.10	29.10	26.20	40.20	1.70	0.00	0.00
59.70	31.30	30.10	29.10	26.20	39.90	2.50	0.00	0.00
59.80	31.10	30.10	28.90	26.10	39.80	2.20	0.00	0.00
59.90	31.30	30.10	29.10	26.20	40.10	1.70	0.00	0.00
60.00	31.30	30.10	29.10	26.20	39.80	2.20	0.00	0.00
60.10	31.10	29.90	28.90	26.10	40.10	1.90	0.00	0.00
60.20	31.10	29.90	28.90	26.10	39.50	2.70	0.00	0.00
60.30	31.20	30.10	29.00	26.20	39.80	1.90	0.00	0.00
60.40	31.20	30.10	29.10	26.20	40.10	2.20	0.00	0.00
60.50	31.20	30.10	29.10	26.20	40.20	2.20	0.00	0.00
60.60	31.20	30.10	29.10	26.30	39.80	2.00	0.00	0.00
60.70	31.20	30.10	29.20	26.20	39.90	2.40	0.00	0.00
60.80	31.20	30.10	29.20	26.20	39.90	2.40	0.00	0.00
60.90	31.20	30.00	29.00	26.20	40.10	1.90	0.00	0.00
61.00	31.10	30.00	29.10	26.10	39.90	2.00	0.00	0.00
61.10	31.10	30.00	29.10	26.10	40.10	1.90	0.00	0.00
61.20	31.10	30.10	29.10	26.10	39.80	1.70	0.00	0.00
61.30	31.10	30.00	29.10	26.20	40.10	2.50	0.00	0.00
61.40	31.10	30.00	29.10	26.20	40.10	2.00	0.00	0.00
61.50	31.20	30.10	29.10	26.20	39.80	1.90	0.00	0.00
61.60	31.10	30.10	29.10	26.20	39.90	1.70	0.00	0.00
61.70	31.10	30.10	29.10	26.20	39.90	2.20	0.00	0.00
61.80	31.30	30.00	29.10	26.20	39.90	2.20	0.00	0.00
61.90	31.10	30.10	29.10	26.20	40.80	1.70	0.00	0.00
62.00	31.10	30.10	29.10	26.20	39.90	1.90	0.00	0.00
62.10	31.20	30.00	29.10	26.20	40.10	1.70	0.00	0.00
62.20	31.20	30.00	29.10	26.20	39.90	2.40	0.00	0.00
62.30	31.20	30.00	29.10	26.20	39.80	1.90	0.00	0.00
62.40	31.20	30.00	29.10	26.30	39.60	1.90	0.00	0.00
62.50	31.20	30.00	29.10	26.30	39.60	2.80	0.00	0.00
62.60	31.20	30.10	29.20	26.20	38.20	2.20	0.00	0.00
62.70	31.00	30.10	29.20	26.20	38.20	2.20	0.00	0.00
62.80	31.00	30.10	29.20	26.20	39.50	1.90	0.00	0.00
62.90	31.10	30.10	29.10	26.30	40.40	1.90	0.00	0.00
63.00	31.20	30.20	29.10	26.20	40.10	2.20	0.00	0.00
63.10	31.20	30.20	29.10	26.20	39.80	2.80	0.00	0.00
63.20	31.10	30.10	29.10	26.00	40.20	2.50	0.00	0.00
63.30	31.10	30.10	29.10	26.00	40.10	2.20	0.00	0.00
63.40	31.10	30.10	29.10	26.20	40.10	2.20	0.00	0.00
63.50	31.20	30.20	29.00	26.30	39.60	2.00	0.00	0.00
63.60	31.20	30.20	29.00	26.30	39.80	2.00	0.00	0.00
63.70	31.20	30.10	29.10	26.30	39.80	2.00	0.00	0.00
63.80	31.20	30.10	29.10	26.30	40.20	1.90	0.00	0.00
63.90	31.10	30.20	29.20	26.20	39.80	1.90	0.00	0.00
64.00	31.00	30.00	29.10	26.10	39.90	2.20	0.00	0.00
64.10	31.00	30.00	29.10	26.10	40.20	2.00	0.00	0.00
64.20	30.90	30.10	29.10	26.30	39.60	1.70	0.00	0.00
64.30	31.10	30.10	29.10	26.40	40.40	2.00	0.00	0.00
64.40	31.10	30.10	29.10	26.40	40.10	1.70	0.00	0.00
64.50	31.10	30.00	29.10	26.20	40.10	2.20	0.00	0.00
64.60	31.00	30.10	29.20	26.20	40.10	2.20	0.00	0.00
64.70	31.00	30.10	29.20	26.20	40.80	1.70	0.00	0.00
64.80	31.00	30.20	29.20	26.30	40.20	1.30	0.00	0.00
64.90	31.00	30.20	29.20	26.30	39.80	2.00	0.00	0.00
65.00	31.00	30.10	29.00	26.20	39.90	1.70	0.00	0.00
65.10	31.10	30.00	29.10	26.10	39.80	1.90	0.00	0.00
65.20	31.10	30.00	29.10	26.10	39.80	1.90	0.00	0.00
65.30	31.00	30.00	29.10	26.30	41.00	1.60	0.00	0.00
65.40	31.00	30.10	29.20	26.20	39.90	2.40	0.00	0.00
65.50	31.00	30.10	29.20	26.20	39.60	2.20	0.00	0.00
65.60	31.00	30.00	29.10	26.20	39.60	2.20	0.00	0.00
65.70	31.00	30.10	29.10	26.20	38.80	2.00	0.00	0.00
65.80	31.00	30.10	29.10	26.20	39.90	2.40	0.00	0.00
65.90	30.90	30.10	29.10	26.20	39.90	1.70	0.00	0.00
66.00	31.00	30.00	29.00	26.20	39.80	1.90	0.00	0.00
66.10	31.00	30.00	29.00	26.20	39.80	2.50	0.00	0.00
66.20	31.10	30.10	29.20	26.30	39.50	2.00	0.00	0.00
66.30	30.90	30.00	29.00	26.20	39.90	1.70	0.00	0.00
66.40	30.90	30.00	29.00	26.20	39.90	1.90	0.00	0.00
66.50	30.90	30.10	29.10	26.20	39.90	1.90	0.00	0.00
66.60	30.90	30.10	29.10	26.20	40.40	2.40	0.00	0.00
66.70	31.00	30.20	29.20	26.30	39.80	1.70	0.00	0.00
66.80	31.00	30.10	29.10	26.40	40.10	2.40	0.00	0.00
66.90	31.00	30.10	29.10	26.40	40.10	2.20	0.00	0.00
67.00	30.90	30.10	29.10	26.20	39.60	2.20	0.00	0.00
67.10	30.90	30.00	29.00	26.10	39.90	2.20	0.00	0.00
67.20	30.90	30.00	29.00	26.10	39.80	1.90	0.00	0.00
67.30	30.90	30.00	29.00	26.20	40.40	1.90	0.00	0.00
67.40	30.90	30.00	29.10	26.20	40.40	1.90	0.00	0.00
67.50	30.90	30.00	29.10	26.20	40.40	1.90	0.00	0.00
67.60	31.00	30.00	29.10	26.20	40.20	1.00	0.00	0.00
67.70	30.90	30.10	29.10	26.20	40.10	2.20	0.00	0.00
67.80	30.90	30.10	29.10	26.20	39.80	2.40	0.00	0.00
67.90	30.90	30.00	29.00	26.20	39.80	2.00	0.00	0.00
68.00	30.90	30.00	29.00	26.20	39.60	2.00	0.00	0.00
68.10	30.90	30.10	29.10	26.30	39.50	2.00	0.00	0.00
68.20	31.00	30.10	29.20	26.30	39.90	2.20	0.00	0.00
68.30	31.00	30.10	29.20	26.30	37.80	2.00	0.00	0.00
68.40	30.90	30.10	29.10	26.20	37.80	2.00	0.00	0.00
68.50	31.00	30.10	29.10	26.30	40.10	2.50	0.00	0.00
68.60	31.00	30.10	29.10	26.30	39.90	1.90	0.00	0.00
68.70	30.80	30.10	28.90	26.20	39.90	2.00	0.00	0.00
68.80	30.80	30.10	29.10	26.30	40.10	1.90	0.00	0.00
68.90	30.80	30.10	29.10	26.30	39.90	1.70	0.00	0.00
69.00	30.80	30.10	29.00	26.20	39.90	1.90	0.00	0.00
69.10	30.80	30.20	29.00	26.20	39.90	2.40	0.00	0.00
69.20	30.80	30.20	29.00	26.20	39.90	1.90	0.00	0.00
69.30	30.80	30.10	29.10	26.20	39.80	2.50	0.00	0.00
69.40	30.80	30.00	29.10	26.10	39.80	2.50	0.00	0.00
69.50	30.80	30.00	29.10	26.10	39.90	1.90	0.00	0.00
69.60	30.80	30.00	29.10	26.10	39.90	1.90	0.00	0.00
69.70	30.90	30.10	29.10	26.20	39.60	2.00	0.00	0.00
69.80	30.90	30.10	29.10	26.20	39.80	2.20	0.00	0.00
69.90	30.90	30.10	29.20	26.20	39.90	2.00	0.00	0.00
70.00	30.80	30.10	29.20	26.10	40.10	2.40	0.00	0.00
70.10	30.80	30.10	29.20	26.10	39.80	2.00	0.00	0.00
70.20	30.80	30.10	29.00	26.20	39.50	1.60	0.00	0.00
70.30	30.80	30.00	29.00	26.10	39.60	2.40	0.00	0.00
70.40	30.80	30.00	29.00	26.10	39.80	2.50	0.00	0.00
70.50	30.80	30.10	29.10	26.10	39.80	2.40	0.00	0.00
70.60	30.80	30.20	29.10	26.20	39.90	2.00	0.00	0.00
70.70	30.80	30.20	29.10	26.20	40.10	1.60	0.00	0.00
70.80	30.70	30.00	29.00	26.20	40.10	2.20	0.00	0.00
70.90	30.70	30.10	29.20	26.20	40.10	3.10	0.00	0.00
71.00	30.70	30.10	29.20	26.20	40.50	1.70	0.00	0.00
71.10	30.80	30.10	29.10	26.30	39.50	2.20	0.00	0.00
71.20	30.80	30.10	29.10	26.30	39.90	2.20	0.00	0.00
71.30	30.80	30.00	29.00	26.10	39.90	2.20	0.00	0.00
71.40	30.70	30.00	29.00	26.20	40.10	2.40	0.00	0.00
71.50	30.70	30.00	29.00	26.20	40.10	2.00	0.00	0.00
71.60	30.80	30.10	29.10	26.20	40.40	1.90	0.00	0.00
71.70	30.70	30.00	29.10	26.20	39.60	2.50	0.00	0.00
71.80	30.70	30.00	29.10	26.20	39.90	1.90	0.00	0.00
71.90	30.90	30.10	29.20	26.30	39.50	1.90	0.00	0.00
72.00	30.70	30.20	29.10	26.20	40.10	2.40	0.00	0.00
72.10	30.70	30.20	29.10	26.20	40.10	2.00	0.00	0.00
72.20	30.70	30.00	29.10	26.20	40.10	2.00	0.00	0.00
72.30	30.70	29.90	29.10	26.10	39.90	1.90	0.00	0.00
72.40	30.70	29.90	29.10	26.10	39.60	2.70	0.00	0.00
72.50	30.60	30.10	29.20	26.20	39.90	2.40	0.00	0.00
72.60	30.60	30.10	29.20	26.20	39.90	2.20	0.00	0.00
72.70	30.70	30.20	29.10	26.30	39.50	2.40	0.00	0.00
72.80	30.80	30.10	29.10	26.20	39.90	0.80	0.00	0.00
72.90	30.80	30.10	29.10	26.20	39.90	2.00	0.00	0.00
73.00	30.80	30.00	29.20	26.20	39.80	1.90	0.00	0.00
73.10	30.70	30.00	29.00	26.10	39.90	2.00	0.00	0.00
73.20	30.70	30.00	29.00	26.10	39.90	2.00	0.00	0.00
73.30	30.60	29.90	29.10	26.10	40.10	2.20	0.00	0.00
73.40	30.70	30.10	29.20	26.20	39.80	2.40	0.00	0.00
73.50	30.70	30.10	29.20	26.20	39.90	2.40	0.00	0.00
73.60	30.70	29.90	29.10	26.10	39.90	1.90	0.00	0.00
73.70	30.70	30.00	29.00	26.20	39.90	1.90	0.00	0.00
73.80	30.70	30.00	29.00	26.20	40.20	2.20	0.00	0.00
73.90	30.70	30.00	29.10	26.30	39.80	2.40	0.00	0.00
74.00	30.70	30.00	29.10	26.20	39.60	2.40	0.00	0.00
74.10	30.70	30.00	29.10	26.20	39.60	2.40	0.00	0.00
74.20	30.70	30.00	29.00	26.20	39.80	1.90	0.00	0.00
74.30	30.60	30.00	29.10	26.20	39.80	2.00	0.00	0.00
74.40	30.60	30.00	29.10	26.20	39.60	2.20	0.00	0.00
74.50	30.70	30.00	29.10	26.00	39.60	1.60	0.00	0.00
74.60	30.60	30.10	29.10	26.20	39.30	2.20	0.00	0.00
74.70	30.60	30.10	29.10	26.20	39.90	2.20	0.00	0.00
74.80	30.70	30.00	29.00	26.20	40.50	1.90	0.00	0.00
74.90	30.70	30.00	29.00	26.20	39.90	3.30	0.00	0.00
75.00	30.80	30.10	29.20	26.30	39.90	3.30	0.00	0.00
75.10	30.70	30.20	29.20	26.30	40.10	1.90	0.00	0.00
75.20	30.70	30.20	29.20	26.30	40.10	2.20	0.00	0.00
75.30	30.70	30.10	29.10	26.20	39.90	2.00	0.00	0.00
75.40	30.60	30.10	29.10	26.20	39.80	2.50	0.00	0.00
75.50	30.60	30.10	29.10	26.20	40.20	2.00	0.00	0.00
75.60	30.70	30.00	29.10	26.20	39.80	2.00	0.00	0.00
75.70	30.60	30.10	29.10	26.10	39.50	1.90	0.00	0.00
75.80	30.60	30.10	29.10	26.10	39.50	2.00	0.00	0.00
75.90	30.60	30.10	29.10	26.30	39.50	2.00	0.00	0.00
76.00	30.60	30.10	29.10	26.30	39.60	2.40	0.00	0.00
76.10	30.60	30.00	29.10	26.20	39.80	2.40	0.00	0.00
76.20	30.60	30.00	29.10	26.20	39.20	2.20	0.00	0.00
76.30	30.60	30.00	29.10	26.20	39.80	2.00	0.00	0.00
76.40	30.70	30.00	29.00	26.20	39.80	1.90	0.00	0.00
76.50	30.70	30.00	29.00	26.20	39.60	2.20	0.00	0.00
76.60	30.60	30.10	29.10	26.20	39.80	2.00	0.00	0.00
76.70	30.70	30.00	29.10	26.20	39.80	1.70	0.00	0.00
76.80	30.70	30.00	29.10	26.20	39.90	1.90	0.00	0.00
76.90	30.60	30.00	29.00	26.10	39.90	1.90	0.00	0.00
77.00	30.60	30.00	29.00	26.10	40.20	2.40	0.00	0.00
77.10	30.60	30.10	29.10	26.30	39.90	2.20	0.00	0.00
77.20	30.60	30.00	29.10	26.10	40.10	2.20	0.00	0.00
77.30	30.60	30.00	29.10	26.10	39.60	2.40	0.00	0.00
77.40	30.50	30.00	29.00	26.20	39.60	2.50	0.00	0.00
77.50	30.70	30.00	29.10	26.20	39.60	2.50	0.00	0.00
77.60	30.70	30.00	29.10	26.20	39.80	2.00	0.00	0.00
77.70	30.60	30.10	29.10	26.20	40.10	1.70	0.00	0.00
77.80	30.50	30.00	29.10	26.20	40.10	1.70	0.00	0.00
77.90	30.50	30.00	29.10	26.20	40.10	1.90	0.00	0.00
78.00	30.60	30.00	29.20	26.30	40.10	2.50	0.00	0.00
78.10	30.60	30.00	29.20	26.30	39.90	2.50	0.00	0.00
78.20	30.60	30.00	29.10	26.20	39.60	2.40	0.00	0.00
78.30	30.60	30.00	29.10	26.20	39.90	2.00	0.00	0.00
78.40	30.50	29.90	29.20	26.20	39.50	2.40	0.00	0.00
78.50	30.60	30.00	29.10	26.20	39.50	2.20	0.00	0.00
78.60	30.60	30.00	29.10	26.20	40.10	2.20	0.00	0.00
78.70	30.60	30.10	29.10	26.20	39.80	2.50	0.00	0.00
78.80	30.50	30.00	29.10	26.20	39.80	2.50	0.00	0.00
78.90	30.50	30.00	29.10	26.20	39.60	2.40	0.00	0.00
79.00	30.60	30.10	29.10	26.30	39.80	1.70	0.00	0.00
79.10	30.60	30.10	29.20	26.20	39.80	2.00	0.00	0.00
79.20	30.60	30.10	29.20	26.20	39.90	2.20	0.00	0.00
79.30	30.50	30.10	29.10	26.30	39.80	1.70	0.00	0.00
79.40	30.50	29.90	29.00	26.10	40.40	1.90	0.00	0.00
79.50	30.50	29.90	29.00	26.10	39.60	2.00	0.00	0.00
79.60	30.40	30.00	29.20	26.30	40.20	1.70	0.00	0.00
79.70	30.40	30.00	29.20	26.30	39.80	2.20	0.00	0.00
79.80	30.60	30.00	29.10	26.30	39.80	2.20	0.00	0.00
79.90	30.60	30.00	29.10	26.30	40.10	2.50	0.00	0.00
80.00	30.50	29.90	29.10	26.20	39.90	2.40	0.00	0.00
80.10	30.60	30.10	29.20	26.30	39.90	2.00	0.00	0.00
80.20	30.60	30.10	29.20	26.30	39.90	2.20	0.00	0.00
80.30	30.50	29.90	29.00	26.20	39.80	2.00	0.00	0.00
80.40	30.60	30.00	29.10	26.20	40.10	2.20	0.00	0.00
80.50	30.60	30.00	29.10	26.20	40.10	2.00	0.00	0.00
80.60	30.50	30.10	29.10	26.20	39.80	1.90	0.00	0.00
80.70	30.50	30.00	29.10	26.10	39.80	1.90	0.00	0.00
80.80	30.50	30.00	29.10	26.10	40.10	2.00	0.00	0.00
80.90	30.50	30.00	29.10	26.20	39.60	1.70	0.00	0.00
81.00	30.60	30.10	29.20	26.20	39.60	2.40	0.00	0.00
81.10	30.60	30.10	29.20	26.20	39.50	1.90	0.00	0.00
81.20	30.40	29.80	29.00	26.20	39.90	2.20	0.00	0.00
81.30	30.50	30.00	29.10	26.20	40.20	2.20	0.00	0.00
81.40	30.50	30.00	29.10	26.20	39.90	2.40	0.00	0.00
81.50	30.50	30.00	29.10	26.20	40.40	2.40	0.00	0.00
81.60	30.50	30.00	29.10	26.20	40.40	2.40	0.00	0.00
81.70	30.40	30.00	29.10	26.00	39.80	2.00	0.00	0.00
81.80	30.50	30.00	29.10	26.10	39.50	2.00	0.00	0.00
81.90	30.50	30.00	29.10	26.10	40.10	2.40	0.00	0.00
82.00	30.50	30.00	29.10	26.20	39.50	1.90	0.00	0.00
82.10	30.40	29.90	29.10	26.20	39.80	2.20	0.00	0.00
82.20	30.60	30.00	29.10	26.30	40.20	1.90	0.00	0.00
82.30	30.60	30.00	29.10	26.30	39.90	2.00	0.00	0.00
82.40	30.50	30.00	29.10	26.20	39.30	2.40	0.00	0.00
82.50	30.50	30.00	29.10	26.20	40.10	1.70	0.00	0.00
82.60	30.40	30.00	29.10	26.10	39.60	2.20	0.00	0.00
82.70	30.50	30.00	29.10	26.10	39.60	1.90	0.00	0.00
82.80	30.50	30.00	29.10	26.10	39.90	2.50	0.00	0.00
82.90	30.50	29.90	29.00	26.20	40.20	1.70	0.00	0.00
83.00	30.40	30.00	28.90	26.10	39.90	1.90	0.00	0.00
83.10	30.40	30.00	28.90	26.10	39.80	1.90	0.00	0.00
83.20	30.60	30.10	29.20	26.20	39.60	2.20	0.00	0.00
83.30	30.50	30.00	29.00	26.20	39.80	2.50	0.00	0.00
83.40	30.50	30.00	29.00	26.20	39.90	2.50	0.00	0.00
83.50	30.40	30.10	29.10	26.10	39.90	2.50	0.00	0.00
83.60	30.50	30.00	29.20	26.10	39.60	1.70	0.00	0.00
83.70	30.50	30.00	29.20	26.10	39.60	2.20	0.00	0.00
83.80	30.40	30.00	29.10	26.30	40.20	0.40	0.00	0.00
83.90	30.60	30.20	29.20	26.40	39.60	2.00	0.00	0.00
84.00	30.60	30.20	29.20	26.40	40.10	2.40	0.00	0.00
84.10	30.60	30.10	29.20	26.30	40.10	1.60	0.00	0.00
84.20	30.50	30.20	29.20	26.30	39.60	2.40	0.00	0.00
84.30	30.50	30.20	29.20	26.30	39.90	1.90	0.00	0.00
84.40	30.40	30.00	29.10	26.20	39.90	1.90	0.00	0.00
84.50	30.40	30.00	29.10	26.20	39.80	1.70	0.00	0.00
84.60	30.30	29.90	29.00	26.10	39.60	2.50	0.00	0.00
84.70	30.30	29.90	29.00	26.10	39.80	2.00	0.00	0.00
84.80	30.50	30.00	29.10	26.30	39.80	2.00	0.00	0.00
84.90	30.30	30.00	29.00	26.20	39.60	2.00	0.00	0.00
85.00	30.30	30.00	29.00	26.20	39.90	3.40	0.00	0.00
85.10	30.50	30.00	29.10	26.10	40.10	1.90	0.00	0.00
85.20	30.50	30.00	29.10	26.10	39.60	1.70	0.00	0.00
85.30	30.40	30.10	29.10	26.20	40.10	1.70	0.00	0.00
85.40	30.30	30.00	29.00	26.20	40.10	1.70	0.00	0.00
85.50	30.30	30.00	29.00	26.20	39.00	2.20	0.00	0.00
85.60	30.50	30.00	29.10	26.10	40.20	1.90	0.00	0.00
85.70	30.50	30.10	29.20	26.20	40.10	1.90	0.00	0.00
85.80	30.50	30.10	29.20	26.20	39.60	1.70	0.00	0.00
85.90	30.60	30.00	29.10	26.30	39.90	1.70	0.00	0.00
86.00	30.40	30.00	29.10	26.30	39.80	1.90	0.00	0.00
86.10	30.40	30.00	29.10	26.30	39.60	2.00	0.00	0.00
86.20	30.40	30.10	29.20	26.20	39.80	1.70	0.00	0.00
86.30	30.40	30.10	29.20	26.20	39.80	2.50	0.00	0.00
86.40	30.50	30.10	29.20	26.30	39.60	2.40	0.00	0.00
86.50	30.40	30.10	29.00	26.30	39.80	1.90	0.00	0.00
86.60	30.40	30.10	29.00	26.30	40.20	1.90	0.00	0.00
86.70	30.30	30.00	29.00	26.20	39.50	2.00	0.00	0.00
86.80	30.50	30.10	29.00	26.20	40.20	2.00	0.00	0.00
86.90	30.50	30.10	29.00	26.20	39.90	1.90	0.00	0.00
87.00	30.30	30.00	29.10	26.10	39.60	2.00	0.00	0.00
87.10	30.40	30.00	29.10	26.30	39.80	2.70	0.00	0.00
87.20	30.40	30.00	29.10	26.30	39.50	2.40	0.00	0.00
87.30	30.30	29.90	28.90	26.10	39.50	2.40	0.00	0.00
87.40	30.20	29.90	28.90	26.10	39.80	2.40	0.00	0.00
87.50	30.20	29.90	28.90	26.10	39.00	1.90	0.00	0.00
87.60	30.40	30.00	29.00	26.20	39.90	2.00	0.00	0.00
87.70	30.40	30.00	29.00	26.20	40.10	1.40	0.00	0.00
87.80	30.50	30.10	29.20	26.30	39.60	2.40	0.00	0.00
87.90	30.50	30.00	29.20	26.20	40.10	2.40	0.00	0.00
88.00	30.50	30.00	29.20	26.20	39.80	2.00	0.00	0.00
88.10	30.40	30.00	29.10	26.30	39.80	2.00	0.00	0.00
88.20	30.30	29.90	29.00	26.10	39.80	2.00	0.00	0.00
88.30	30.30	29.90	29.00	26.10	40.10	1.70	0.00	0.00
88.40	30.30	30.00	29.10	26.30	40.10	2.40	0.00	0.00
88.50	30.30	30.00	29.10	26.30	39.80	2.00	0.00	0.00
88.60	30.40	30.10	29.00	26.30	39.80	2.50	0.00	0.00
88.70	30.40	30.00	29.10	26.30	39.50	2.00	0.00	0.00
88.80	30.40	30.00	29.10	26.30	39.80	2.40	0.00	0.00
88.90	30.30	30.00	29.00	26.10	40.20	2.50	0.00	0.00
89.00	30.40	29.90	29.10	26.20	39.90	1.90	0.00	0.00
89.10	30.40	29.90	29.10	26.20	39.90	1.90	0.00	0.00
89.20	30.50	30.00	29.10	26.30	39.90	1.90	0.00	0.00
89.30	30.40	30.00	29.00	26.20	39.30	2.00	0.00	0.00
89.40	30.40	30.00	29.00	26.20	39.80	1.70	0.00	0.00
89.50	30.30	30.00	29.10	26.20	40.50	0.40	0.00	0.00
89.60	30.40	30.00	29.00	26.20	39.60	1.70	0.00	0.00
89.70	30.40	30.00	29.00	26.20	39.50	1.70	0.00	0.00
89.80	30.30	30.00	29.00	26.20	39.80	1.90	0.00	0.00
89.90	30.40	30.10	29.10	26.20	39.80	2.20	0.00	0.00
90.00	30.40	30.10	29.10	26.20	39.80	2.40	0.00	0.00
90.10	30.30	29.90	28.90	26.10	39.80	2.40	0.00	0.00
90.20	30.30	29.90	28.90	26.10	39.30	2.40	0.00	0.00
90.30	30.30	30.00	29.10	26.20	39.50	2.00	0.00	0.00
90.40	30.50	30.00	29.10	26.20	40.20	2.50	0.00	0.00
90.50	30.50	30.00	29.10	26.20	39.50	1.90	0.00	0.00
90.60	30.30	30.00	29.20	26.20	40.40	1.90	0.00	0.00
90.70	30.40	30.10	29.20	26.40	40.40	1.90	0.00	0.00
90.80	30.40	30.10	29.20	26.40	39.60	1.90	0.00	0.00
90.90	30.30	30.20	29.20	26.30	39.90	2.40	0.00	0.00
91.00	30.40	30.10	29.20	26.20	39.90	2.40	0.00	0.00
91.10	30.40	30.10	29.20	26.20	40.10	1.90	0.00	0.00
91.20	30.30	30.00	29.10	26.30	39.60	2.40	0.00	0.00
91.30	30.30	30.00	29.10	26.30	40.40	1.90	0.00	0.00
91.40	30.30	29.90	29.10	26.20	40.50	1.90	0.00	0.00
91.50	30.40	30.00	29.10	26.30	39.60	2.00	0.00	0.00
91.60	30.40	30.00	29.10	26.30	39.60	2.40	0.00	0.00
91.70	30.20	30.00	29.00	26.20	39.80	1.90	0.00	0.00
91.80	30.30	29.90	29.20	26.20	40.20	2.40	0.00	0.00
91.90	30.30	30.10	29.10	26.30	39.60	2.00	0.00	0.00
92.00	30.30	30.10	29.10	26.30	39.60	2.00	0.00	0.00
92.10	30.20	29.90	29.00	26.00	39.90	1.90	0.00	0.00
92.20	30.40	30.00	29.10	26.30	39.60	2.00	0.00	0.00
92.30	30.40	30.00	29.10	26.30	39.60	2.50	0.00	0.00
92.40	30.20	30.00	28.90	26.00	40.10	2.00	0.00	0.00
92.50	30.30	30.00	29.00	26.20	40.10	1.90	0.00	0.00
92.60	30.30	30.00	29.00	26.20	39.30	2.00	0.00	0.00
92.70	30.30	30.10	29.10	26.20	39.60	2.00	0.00	0.00
92.80	30.30	30.10	29.10	26.20	40.10	1.90	0.00	0.00
92.90	30.20	29.90	29.10	26.20	40.10	1.90	0.00	0.00
93.00	30.30	29.90	29.00	26.10	40.20	1.70	0.00	0.00
93.10	30.30	29.90	29.00	26.10	39.90	1.70	0.00	0.00
93.20	30.30	30.10	29.10	26.20	39.80	2.20	0.00	0.00
93.30	30.30	29.90	29.10	26.20	38.20	2.20	0.00	0.00
93.40	30.30	29.90	29.10	26.20	39.90	1.90	0.00	0.00
93.50	30.40	30.20	29.20	26.30	39.50	2.20	0.00	0.00
93.60	30.30	30.00	29.10	26.20	39.90	1.70	0.00	0.00
93.70	30.30	30.00	29.10	26.20	39.80	2.40	0.00	0.00
93.80	30.40	30.00	29.10	26.20	40.20	1.90	0.00	0.00
93.90	30.20	30.00	29.10	26.10	40.20	1.90	0.00	0.00
94.00	30.20	30.00	29.10	26.10	39.80	2.20	0.00	0.00
94.10	30.30	30.00	29.00	26.20	39.60	1.90	0.00	0.00
94.20	30.40	30.00	29.00	26.20	39.80	1.70	0.00	0.00
94.30	30.40	30.00	29.00	26.20	39.50	2.40	0.00	0.00
94.40	30.30	30.00	29.00	26.00	39.80	2.70	0.00	0.00
94.50	30.30	30.00	29.00	26.00	39.90	2.00	0.00	0.00
94.60	30.30	30.00	29.00	26.20	39.90	2.20	0.00	0.00
94.70	30.20	30.00	29.20	26.10	39.50	1.70	0.00	0.00
94.80	30.20	30.00	29.20	26.10	39.50	1.70	0.00	0.00
94.90	30.30	29.90	29.00	26.20	40.10	0.20	0.00	0.00
95.00	30.30	30.00	29.10	26.30	39.90	2.00	0.00	0.00
95.10	30.30	30.00	29.10	26.30	39.80	1.90	0.00	0.00
95.20	30.30	30.00	29.00	26.20	39.80	2.20	0.00	0.00
95.30	30.20	30.10	29.10	26.20	39.80	1.90	0.00	0.00
95.40	30.20	30.10	29.10	26.20	39.80	1.60	0.00	0.00
95.50	30.30	29.90	29.00	26.20	39.90	1.90	0.00	0.00
95.60	30.30	30.20	29.10	26.20	39.80	2.00	0.00	0.00
95.70	30.30	30.20	29.10	26.20	39.80	2.00	0.00	0.00
95.80	30.30	30.10	29.10	26.30	39.60	2.40	0.00	0.00
95.90	30.30	29.90	29.00	26.10	39.60	2.20	0.00	0.00
96.00	30.30	29.90	29.00	26.10	40.10	1.70	0.00	0.00
96.10	30.30	30.10	29.10	26.20	39.60	1.90	0.00	0.00
96.20	30.30	29.90	29.00	26.20	40.10	1.70	0.00	0.00
96.30	30.30	29.90	29.00	26.20	39.90	1.60	0.00	0.00
96.40	30.20	30.10	29.00	26.20	39.80	2.00	0.00	0.00
96.50	30.30	30.10	29.20	26.30	39.80	2.20	0.00	0.00
96.60	30.30	30.10	29.20	26.30	39.80	2.20	0.00	0.00
96.70	30.20	30.00	29.10	26.20	39.60	2.00	0.00	0.00
96.80	30.20	30.00	29.10	26.20	39.50	2.40	0.00	0.00
96.90	30.30	30.00	29.10	26.20	39.80	2.00	0.00	0.00
97.00	30.30	30.10	29.20	26.40	39.90	2.00	0.00	0.00
97.10	30.30	30.10	29.20	26.40	39.80	1.90	0.00	0.00
97.20	30.40	30.10	29.20	26.30	39.90	1.90	0.00	0.00
97.30	30.30	30.00	29.10	26.10	39.60	2.00	0.00	0.00
97.40	30.30	30.00	29.10	26.10	39.50	1.90	0.00	0.00
97.50	30.30	30.10	29.30	26.30	39.50	1.90	0.00	0.00
97.60	30.20	30.00	29.00	26.20	39.90	2.50	0.00	0.00
97.70	30.20	30.00	29.00	26.20	40.10	2.20	0.00	0.00
97.80	30.30	30.10	29.10	26.20	39.80	2.40	0.00	0.00
97.90	30.10	30.00	29.00	26.20	39.80	2.40	0.00	0.00
98.00	30.10	30.00	29.00	26.20	40.10	2.00	0.00	0.00
98.10	30.30	30.10	29.10	26.20	39.50	1.90	0.00	0.00
98.20	30.40	30.00	29.20	26.30	39.50	1.90	0.00	0.00
98.30	30.40	30.00	29.20	26.30	39.90	2.20	0.00	0.00
98.40	30.30	30.10	29.20	26.20	39.90	2.20	0.00	0.00
98.50	30.00	30.00	29.10	26.20	39.50	1.60	0.00	0.00
98.60	30.00	30.00	29.10	26.20	39.90	2.00	0.00	0.00
98.70	30.40	30.10	29.20	26.20	40.10	2.00	0.00	0.00
98.80	30.40	30.10	29.20	26.20	39.00	2.00	0.00	0.00
98.90	30.30	30.00	29.10	26.20	39.30	2.00	0.00	0.00
99.00	30.10	29.80	28.90	26.10	40.10	1.90	0.00	0.00
99.10	30.10	29.80	28.90	26.10	39.90	2.00	0.00	0.00
99.20	30.30	30.00	29.10	26.20	39.60	2.00	0.00	0.00
99.30	30.20	30.10	29.10	26.10	39.90	2.00	0.00	0.00
99.40	30.20	30.10	29.10	26.10	39.90	2.00	0.00	0.00
99.50	30.20	29.90	29.10	26.20	39.90	2.20	0.00	0.00
99.60	30.20	29.90	29.10	26.20	39.80	1.70	0.00	0.00
99.70	30.30	29.90	29.10	26.20	39.20	2.40	0.00	0.00
99.80	30.20	30.00	29.10	26.30	39.80	2.20	0.00	0.00
99.90	30.20	30.00	29.10	26.30	39.80	2.40	0.00	0.00
100.00	30.20	30.00	29.00	26.20	40.10	2.50	0.00	0.00
100.10	30.30	30.10	29.10	26.30	39.60	2.20	0.00	0.00
100.20	30.30	30.10	29.10	26.30	40.10	2.40	0.00	0.00
100.30	30.30	30.00	29.10	26.20	40.10	2.40	0.00	0.00
100.40	30.30	30.00	29.00	26.20	37.90	2.20	0.00	0.00
100.50	30.30	30.00	29.00	26.20	40.20	1.90	0.00	0.00
100.60	30.20	30.00	29.00	26.20	39.60	1.70	0.00	0.00
100.70	30.30	30.10	29.20	26.30	39.90	2.00	0.00	0.00
100.80	30.30	30.10	29.20	26.30	39.90	1.70	0.00	0.00
100.90	30.30	30.00	29.10	26.30	39.90	2.40	0.00	0.00
101.00	30.20	30.00	29.00	26.30	39.80	1.90	0.00	0.00
