Ambient Temperature(C): 24.7
Ambient Pressure(in Hg): 29.529.5
Time(s)	T1(Deg C)	T2(Deg C)	Needle Valve Inlet(Deg C)	Neelde Valve Outlet(Deg C)	Air Inlet(Deg C)	P1(PSI)	P2(PSI)	Mass Flowrate(g/min)	Heater Energy (kJ)

0.00	25.00	25.30	25.20	25.20	25.00	0.50	-0.30	0.00	0.00
0.10	25.10	25.40	25.20	25.20	25.10	0.20	1.00	0.00	0.00
0.20	25.00	25.40	25.10	25.10	25.00	0.20	1.60	0.00	0.00
0.30	25.00	25.40	25.10	25.10	25.00	0.20	1.60	0.00	0.00
0.40	25.10	25.40	25.20	25.30	25.20	0.50	0.50	0.00	0.00
0.50	25.00	25.40	25.20	25.20	25.20	0.00	0.70	0.00	0.00
0.60	25.00	25.40	25.20	25.20	25.20	0.00	0.70	0.00	0.00
0.70	25.10	25.30	25.20	25.30	25.10	0.00	0.50	0.00	0.00
0.80	25.00	25.40	25.00	25.10	25.10	0.20	0.30	0.00	0.00
0.90	25.00	25.40	25.00	25.10	25.10	0.00	1.00	0.00	0.00
1.00	25.10	25.50	25.30	25.30	25.10	0.30	0.70	0.00	0.00
1.10	25.10	25.50	25.10	25.20	25.10	0.30	1.10	0.00	0.00
1.20	25.10	25.50	25.10	25.20	25.10	0.30	1.10	0.00	0.00
1.30	25.00	25.40	25.20	25.10	25.00	0.30	0.50	0.00	0.00
1.40	25.00	25.40	25.20	25.10	25.00	0.20	0.50	0.00	0.00
1.50	25.00	25.30	25.20	25.30	25.20	0.00	0.20	0.00	0.00
1.60	25.00	25.30	25.10	25.10	25.00	-0.10	0.80	0.00	0.00
1.70	25.00	25.30	25.10	25.10	25.00	0.20	0.50	0.00	0.00
1.80	25.10	25.40	25.20	25.10	24.90	0.50	1.10	0.00	0.00
1.90	25.00	25.40	25.20	25.10	25.10	0.30	0.80	0.00	0.00
2.00	25.00	25.40	25.20	25.10	25.10	0.20	1.00	0.00	0.00
2.10	24.90	25.20	25.00	25.10	24.90	0.70	0.70	0.00	0.00
2.20	24.90	25.40	25.20	25.20	25.00	0.70	0.70	0.00	0.00
2.30	24.90	25.40	25.20	25.20	25.00	0.20	1.00	0.00	0.00
2.40	25.00	25.40	25.10	25.20	25.10	0.20	0.80	0.00	0.00
2.50	25.00	25.30	25.20	25.10	25.20	-0.10	0.70	0.00	0.00
2.60	25.00	25.30	25.20	25.10	25.20	0.30	0.70	0.00	0.00
2.70	25.00	25.30	25.10	25.10	25.10	0.70	0.20	0.00	0.00
2.80	25.00	25.40	25.00	25.00	25.00	0.30	0.50	0.00	0.00
2.90	25.00	25.40	25.00	25.00	25.00	0.30	0.50	0.00	0.00
3.00	25.10	25.50	25.20	25.30	25.20	0.00	0.70	0.00	0.00
3.10	25.10	25.50	25.20	25.30	25.20	-0.10	0.70	0.00	0.00
3.20	24.90	25.50	25.10	25.20	25.00	-0.10	0.70	0.00	0.00
3.30	24.90	25.20	25.20	25.10	25.10	0.20	1.10	0.00	0.00
3.40	24.90	25.20	25.20	25.10	25.10	0.30	0.30	0.00	0.00
3.50	25.00	25.50	25.10	25.20	25.10	0.00	0.00	0.00	0.00
3.60	25.00	25.50	25.10	25.20	25.10	-0.10	1.00	0.00	0.00
3.70	25.00	25.40	25.20	25.20	25.20	0.50	1.70	0.00	0.00
3.80	25.10	25.50	25.20	25.20	25.20	0.50	0.50	0.00	0.00
3.90	25.10	25.50	25.20	25.20	25.20	0.30	0.30	0.00	0.00
4.00	25.00	25.40	25.30	25.20	25.20	0.70	0.80	0.00	0.00
4.10	25.00	25.30	25.20	25.20	25.20	0.70	0.80	0.00	0.00
4.20	25.00	25.30	25.20	25.20	25.20	0.00	0.50	0.00	0.00
4.30	25.00	25.40	25.10	25.10	25.00	0.00	0.50	0.00	0.00
4.40	25.00	25.30	25.00	25.10	25.00	0.20	0.70	0.00	0.00
4.50	25.00	25.30	25.00	25.10	25.00	0.20	0.80	0.00	0.00
4.60	25.00	25.40	25.10	25.10	25.00	-0.30	0.50	0.00	0.00
4.70	25.10	25.30	25.10	25.20	24.60	2.00	0.50	0.00	0.00
4.80	25.10	25.30	25.10	25.20	24.60	1.60	0.50	0.00	0.00
4.90	25.60	25.30	25.20	25.20	24.70	2.20	0.50	0.00	0.00
5.00	25.70	25.40	25.20	25.10	24.70	2.20	0.70	0.00	0.00
5.10	25.70	25.40	25.20	25.10	24.70	2.20	0.70	0.00	0.00
5.20	26.00	25.40	25.20	25.10	24.80	2.00	0.80	-0.05	0.00
5.30	26.10	25.30	25.10	25.20	24.80	1.60	0.50	-0.07	0.00
5.40	26.10	25.30	25.10	25.20	24.80	2.20	1.90	-0.09	0.00
5.50	26.30	25.40	25.20	25.20	24.80	1.70	0.50	-0.11	0.00
5.60	26.30	25.40	25.10	25.10	24.80	1.90	0.80	-0.11	0.00
5.70	26.30	25.40	25.10	25.10	24.80	1.90	0.70	1.28	0.00
5.80	26.30	25.40	25.10	25.20	24.80	2.00	0.30	13.65	0.00
5.90	26.30	25.40	25.20	25.20	25.00	2.00	0.70	39.19	0.00
6.00	26.30	25.40	25.20	25.20	25.00	2.00	0.70	38.81	0.00
6.10	26.40	25.40	25.20	25.20	24.90	1.90	0.80	38.24	0.00
6.20	26.50	25.40	25.20	25.10	25.00	2.00	0.30	37.94	0.00
6.30	26.50	25.40	25.20	25.10	25.00	2.70	1.30	45.75	0.00
6.40	26.50	25.50	25.20	25.30	25.00	2.80	0.30	47.61	0.00
6.50	26.80	25.40	25.20	25.20	25.00	3.10	0.70	49.25	0.00
6.60	26.80	25.40	25.20	25.20	25.00	3.00	-0.60	50.38	0.00
6.70	27.00	25.50	25.20	25.20	24.90	3.10	0.50	50.83	0.00
6.80	27.00	25.50	25.20	25.20	24.90	3.40	0.30	51.23	0.00
6.90	27.00	25.40	25.20	25.20	25.00	3.40	0.30	51.09	0.00
7.00	27.30	25.40	25.20	25.20	24.90	3.90	0.70	50.99	0.00
7.10	27.40	25.40	25.20	25.20	25.00	3.90	0.80	50.86	0.00
7.20	27.40	25.40	25.20	25.20	25.00	4.00	1.00	50.66	0.00
7.30	27.50	25.30	25.10	25.20	24.90	4.30	1.00	50.66	0.00
7.40	27.50	25.30	25.10	25.20	24.90	4.20	0.70	50.57	0.00
7.50	27.70	25.40	25.20	25.10	25.00	4.50	1.00	50.46	0.00
7.60	27.70	25.30	25.10	25.10	24.90	4.50	0.80	50.37	0.00
7.70	27.70	25.30	25.10	25.10	24.90	4.70	0.80	50.23	0.00
7.80	27.90	25.20	25.10	25.10	24.90	4.70	0.70	50.12	0.00
7.90	28.20	25.30	25.20	25.10	24.90	4.70	0.70	50.06	0.00
8.00	28.20	25.30	25.20	25.10	24.90	5.30	0.30	49.99	0.00
8.10	28.30	25.30	25.10	25.20	24.90	5.10	0.50	49.93	0.00
8.20	28.40	25.40	25.30	25.30	25.00	5.10	0.50	49.76	0.00
8.30	28.40	25.40	25.30	25.30	25.00	5.30	0.20	49.79	0.00
8.40	28.50	25.40	25.20	25.10	25.00	5.30	0.30	49.68	0.00
8.50	28.70	25.40	25.20	25.10	25.10	5.70	0.80	49.65	0.00
8.60	28.70	25.40	25.20	25.10	25.10	5.90	0.20	49.55	0.00
8.70	28.70	25.40	25.20	25.10	25.10	5.70	0.80	49.53	0.00
8.80	28.70	25.40	25.20	25.10	25.10	6.00	0.30	49.48	0.00
8.90	28.80	25.30	25.30	25.30	25.20	6.00	0.30	49.38	0.00
9.00	28.80	25.40	25.10	25.20	25.10	6.50	1.40	49.30	0.00
9.10	28.80	25.40	25.10	25.20	25.10	6.50	0.70	49.29	0.00
9.20	28.90	25.40	25.20	25.10	24.90	6.50	0.50	49.18	0.00
9.30	29.10	25.40	25.30	25.20	25.10	6.80	1.00	49.15	0.00
9.40	29.10	25.40	25.30	25.20	25.10	7.00	0.70	49.05	0.00
9.50	29.00	25.30	25.20	25.10	25.10	7.40	0.70	48.97	0.00
9.60	28.90	25.20	25.00	25.00	25.00	7.60	0.50	48.98	0.00
9.70	28.90	25.20	25.00	25.00	25.00	7.40	0.70	48.92	0.00
9.80	29.20	25.20	25.20	25.10	25.00	7.40	0.70	48.89	0.00
9.90	29.30	25.30	25.10	25.10	25.00	7.40	0.70	50.04	0.00
10.00	29.30	25.30	25.10	25.10	25.00	7.60	0.30	50.71	0.00
10.10	29.40	25.30	25.30	25.20	25.10	8.00	0.80	51.04	0.00
10.20	29.40	25.30	25.10	25.10	24.90	7.70	0.70	51.01	0.00
10.30	29.40	25.30	25.10	25.10	24.90	7.70	0.70	50.92	0.00
10.40	29.60	25.40	25.30	25.20	25.10	8.80	0.20	50.89	0.00
10.50	29.70	25.40	25.30	25.10	25.10	8.70	1.00	50.79	0.00
10.60	29.70	25.40	25.30	25.10	25.10	8.50	1.00	50.81	0.00
10.70	29.60	25.30	25.20	25.10	24.90	8.80	0.80	50.72	0.00
10.80	29.60	25.20	25.20	25.10	25.10	8.80	0.80	50.68	0.00
10.90	29.60	25.20	25.20	25.10	25.10	9.60	0.00	50.64	0.00
11.00	29.70	25.40	25.30	25.30	25.10	9.30	0.30	50.59	0.00
11.10	29.70	25.40	25.30	25.30	25.10	9.10	0.70	50.52	0.00
11.20	29.70	25.30	25.20	25.10	25.20	9.30	0.70	50.50	0.00
11.30	29.80	25.30	25.20	25.20	25.10	9.70	0.80	50.37	0.00
11.40	29.80	25.30	25.20	25.20	25.10	9.90	0.50	50.40	0.00
11.50	30.00	25.40	25.30	25.20	25.10	9.90	0.30	50.30	0.00
11.60	29.90	25.40	25.30	25.20	25.10	10.20	0.80	50.31	0.00
11.70	29.90	25.40	25.30	25.20	25.10	10.20	0.70	50.25	0.00
11.80	30.00	25.30	25.20	25.10	25.10	10.20	0.80	50.17	0.00
11.90	30.10	25.40	25.40	25.10	25.20	10.70	0.70	50.12	0.00
12.00	30.10	25.40	25.40	25.10	25.20	10.40	0.00	50.07	0.00
12.10	30.00	25.40	25.20	25.00	25.10	10.80	1.00	50.05	0.00
12.20	30.10	25.40	25.30	25.30	25.10	11.10	0.30	50.04	0.00
12.30	30.10	25.40	25.30	25.30	25.10	11.30	0.70	49.98	0.00
12.40	30.20	25.30	25.30	25.30	25.10	11.00	0.30	49.95	0.00
12.50	30.20	25.30	25.30	25.30	25.10	11.10	0.50	49.96	0.00
12.60	30.10	25.30	25.30	25.20	25.00	11.10	0.20	49.93	0.00
12.70	30.20	25.40	25.30	25.20	25.10	11.10	0.20	49.88	0.00
12.80	30.20	25.40	25.30	25.20	25.10	11.40	0.80	49.82	0.00
12.90	30.20	25.30	25.30	25.30	25.10	12.20	0.50	49.80	0.00
13.00	30.10	25.30	25.20	25.20	25.00	11.60	0.20	49.75	0.00
13.10	30.10	25.30	25.20	25.20	25.00	12.20	0.80	49.74	0.00
13.20	30.20	25.30	25.10	25.00	25.00	12.20	0.00	49.68	0.00
13.30	30.30	25.30	25.30	25.20	25.10	12.70	0.30	49.65	0.00
13.40	30.30	25.30	25.30	25.20	25.10	12.40	0.80	49.63	0.00
13.50	30.20	25.30	25.30	25.10	25.10	12.80	-0.70	49.57	0.00
13.60	30.20	25.30	25.30	25.10	25.10	12.80	0.50	49.60	0.00
13.70	30.20	25.30	25.20	25.10	25.00	12.80	0.50	49.54	0.00
13.80	30.30	25.30	25.20	25.00	25.00	12.70	0.30	49.51	0.00
13.90	30.30	25.30	25.20	25.00	25.00	13.30	0.20	49.48	0.00
14.00	30.50	25.40	25.20	25.20	25.10	13.10	0.20	49.46	0.00
14.10	30.40	25.40	25.40	25.20	25.20	12.80	0.70	49.38	0.00
14.20	30.40	25.40	25.40	25.20	25.20	13.70	0.50	49.38	0.00
14.30	30.40	25.40	25.30	25.10	25.10	13.00	0.80	49.36	0.00
14.40	30.40	25.30	25.30	25.20	25.10	13.70	0.30	49.31	0.00
14.50	30.40	25.30	25.30	25.20	25.10	13.70	0.50	49.27	0.00
14.60	30.30	25.30	25.20	25.20	25.00	13.70	0.50	49.22	0.00
14.70	30.40	25.30	25.30	25.20	25.10	14.20	0.80	49.25	0.00
14.80	30.40	25.30	25.30	25.20	25.10	14.50	0.50	49.18	0.00
14.90	30.40	25.40	25.40	25.10	25.10	14.40	1.00	49.15	0.00
15.00	30.40	25.30	25.40	25.10	25.10	14.50	0.20	49.11	0.00
15.10	30.40	25.30	25.40	25.10	25.10	14.70	0.50	49.09	0.00
15.20	30.40	25.40	25.20	25.20	25.10	15.00	1.00	49.05	0.00
15.30	30.30	25.30	25.20	25.20	25.00	15.00	0.80	49.09	0.00
15.40	30.30	25.30	25.20	25.20	25.00	14.70	0.80	49.38	0.00
15.50	30.30	25.30	25.30	25.10	25.10	15.30	0.80	50.39	0.00
15.60	30.50	25.40	25.30	25.20	25.20	15.30	0.80	50.88	0.00
15.70	30.50	25.40	25.30	25.20	25.20	15.40	0.70	51.04	0.00
15.80	30.40	25.40	25.40	25.30	25.10	16.20	0.50	51.04	0.00
15.90	30.40	25.30	25.20	25.10	25.10	16.00	0.30	50.95	0.00
16.00	30.40	25.30	25.20	25.10	25.10	16.40	0.50	50.96	0.00
16.10	30.40	25.30	25.30	25.20	25.20	16.20	0.00	50.95	0.00
16.20	30.40	25.30	25.30	25.20	25.20	16.40	1.30	50.95	0.00
16.30	30.50	25.40	25.30	25.30	25.10	16.50	0.80	50.88	0.00
16.40	30.40	25.30	25.30	25.10	25.20	16.70	1.30	50.86	0.00
16.50	30.40	25.30	25.30	25.10	25.20	16.70	1.30	50.86	0.00
16.60	30.60	25.50	25.30	25.30	25.20	16.70	1.30	50.86	0.00
16.70	30.60	25.50	25.30	25.30	25.20	16.00	1.00	50.86	0.00
16.80	30.40	25.40	25.30	25.20	25.10	17.30	0.70	50.79	0.00
16.90	30.70	25.40	25.30	25.20	25.20	16.80	0.50	50.71	0.00
17.00	30.70	25.40	25.30	25.20	25.20	17.30	0.50	50.69	0.00
17.10	30.40	25.20	25.20	25.10	25.00	17.30	0.30	50.68	0.00
17.20	30.50	25.30	25.10	25.10	25.10	18.00	-0.40	50.63	0.00
17.30	30.50	25.30	25.10	25.10	25.10	17.40	0.70	50.59	0.00
17.40	30.60	25.40	25.30	25.20	25.10	17.40	0.70	50.57	0.00
17.50	30.40	25.20	25.30	25.10	25.00	17.70	0.50	50.56	0.00
17.60	30.50	25.30	25.40	25.30	25.10	18.00	0.50	50.51	0.00
17.70	30.50	25.30	25.40	25.30	25.10	18.40	0.00	50.49	0.00
17.80	30.40	25.30	25.20	25.00	25.10	18.50	1.10	50.44	0.00
17.90	30.40	25.30	25.20	25.00	25.10	18.70	0.70	50.43	0.00
18.00	30.60	25.30	25.30	25.30	25.10	19.10	0.20	50.38	0.00
18.10	30.50	25.40	25.30	25.20	25.20	18.80	0.20	50.32	0.00
18.20	30.50	25.40	25.30	25.20	25.20	18.80	0.30	50.28	0.00
18.30	30.50	25.30	25.30	25.10	25.20	18.80	0.30	50.28	0.00
18.40	30.40	25.20	25.10	25.00	25.10	19.40	0.70	50.23	0.00
18.50	30.40	25.20	25.10	25.00	25.10	19.30	0.50	50.26	0.00
18.60	30.60	25.40	25.20	25.10	25.10	19.70	1.00	50.21	0.00
18.70	30.50	25.30	25.20	25.20	25.10	19.40	0.70	50.14	0.00
18.80	30.50	25.30	25.20	25.20	25.10	19.70	0.30	50.18	0.00
18.90	30.60	25.40	25.30	25.30	25.20	19.40	0.80	50.07	0.00
19.00	30.50	25.30	25.30	25.10	25.10	20.00	0.30	50.06	0.00
19.10	30.50	25.30	25.30	25.10	25.10	20.70	0.50	50.04	0.00
19.20	30.40	25.20	25.20	25.00	25.00	20.70	0.50	50.02	0.00
19.30	30.60	25.40	25.30	25.20	25.20	20.70	0.50	49.98	0.00
19.40	30.60	25.40	25.30	25.20	25.20	20.70	0.70	49.93	0.00
19.50	30.60	25.40	25.40	25.30	25.20	20.70	0.00	49.92	0.00
19.60	30.60	25.50	25.40	25.20	25.20	21.10	0.50	49.88	0.00
19.70	30.60	25.50	25.40	25.20	25.20	21.00	0.80	49.82	0.00
19.80	30.70	25.40	25.30	25.20	25.20	21.30	0.80	49.82	0.00
19.90	30.70	25.40	25.30	25.20	25.20	21.40	0.50	49.79	0.00
20.00	30.60	25.40	25.30	25.10	25.10	21.40	-0.90	49.73	0.00
20.10	30.60	25.30	25.30	25.10	25.10	21.40	0.30	49.74	0.00
20.20	30.60	25.30	25.40	25.30	25.20	21.40	0.30	49.68	0.00
20.30	30.60	25.30	25.40	25.30	25.20	21.30	1.00	49.70	0.00
20.40	30.70	25.40	25.40	25.20	25.10	21.70	0.50	49.63	0.00
20.50	30.50	25.30	25.20	25.10	25.00	22.00	0.50	49.55	0.00
20.60	30.50	25.30	25.20	25.10	25.00	22.40	0.80	49.60	0.00
20.70	30.50	25.30	25.20	25.10	25.00	22.50	0.00	49.53	0.00
20.80	30.70	25.40	25.30	25.30	25.20	22.20	1.00	49.50	0.00
20.90	30.50	25.40	25.30	25.00	25.20	22.40	0.70	49.46	0.00
21.00	30.50	25.40	25.30	25.00	25.20	22.50	0.50	49.46	0.00
21.10	30.60	25.40	25.20	25.20	25.10	22.80	0.80	49.40	0.00
21.20	30.70	25.40	25.30	25.20	25.20	22.80	0.80	49.36	0.00
21.30	30.70	25.40	25.30	25.20	25.20	22.80	0.80	49.36	0.00
21.40	30.70	25.40	25.30	25.20	25.30	23.90	0.70	49.31	0.00
21.50	30.70	25.40	25.30	25.20	25.30	23.30	0.70	49.30	0.00
21.60	30.60	25.30	25.30	25.20	25.20	24.00	0.50	49.28	0.00
21.70	30.60	25.30	25.30	25.10	25.20	24.00	0.50	49.27	0.00
21.80	30.60	25.30	25.30	25.10	25.20	23.90	0.30	49.25	0.00
21.90	30.60	25.40	25.40	25.20	25.00	23.70	0.70	49.21	0.00
22.00	30.50	25.30	25.30	25.20	25.10	24.20	0.50	49.17	0.00
22.10	30.50	25.30	25.30	25.20	25.10	24.80	0.20	49.12	0.00
22.20	30.70	25.40	25.30	25.30	25.20	24.40	1.10	49.15	0.00
22.30	30.70	25.30	25.30	25.30	25.10	24.50	0.00	49.12	0.00
22.40	30.70	25.30	25.30	25.30	25.10	24.50	0.50	49.06	0.00
22.50	30.60	25.30	25.30	25.30	25.10	24.80	0.30	49.01	0.00
22.60	30.60	25.30	25.30	25.30	25.10	25.10	1.10	49.01	0.00
22.70	30.70	25.40	25.40	25.20	25.20	25.40	0.50	49.01	0.00
22.80	30.60	25.40	25.30	25.20	25.10	25.30	1.70	44.72	0.00
22.90	30.60	25.40	25.30	25.20	25.10	24.80	0.70	43.46	0.00
23.00	30.50	25.40	25.40	25.20	25.30	24.70	0.30	44.97	0.00
23.10	30.40	25.30	25.20	25.10	25.30	24.70	0.30	46.85	0.00
23.20	30.40	25.30	25.20	25.10	25.30	25.30	0.70	47.31	0.00
23.30	30.10	25.20	25.20	25.20	25.40	24.50	0.70	47.31	0.00
23.40	30.00	25.30	25.30	25.10	25.50	25.00	1.10	46.72	0.00
23.50	30.00	25.30	25.30	25.10	25.50	24.70	0.80	46.55	0.00
23.60	29.80	25.30	25.30	25.10	25.60	24.40	1.00	46.73	0.00
23.70	29.80	25.30	25.30	25.10	25.60	25.30	0.30	46.53	0.00
23.80	29.70	25.40	25.40	25.20	25.70	24.80	0.80	45.35	0.00
23.90	29.70	25.40	25.40	25.20	25.70	25.00	0.70	34.49	0.00
24.00	29.50	25.30	25.20	25.10	25.70	25.30	0.80	15.94	0.00
24.10	29.30	25.30	25.30	25.10	25.60	25.30	0.80	11.39	0.00
24.20	29.30	25.30	25.30	25.10	25.60	24.70	0.50	8.60	0.00
24.30	29.10	25.30	25.20	25.20	25.70	24.80	0.70	6.67	0.00
24.40	29.00	25.30	25.20	25.10	25.50	24.80	0.20	5.26	0.00
24.50	29.00	25.30	25.20	25.10	25.50	24.80	0.30	4.22	0.00
24.60	29.00	25.40	25.40	25.20	25.80	24.70	0.70	3.42	0.00
24.70	28.70	25.40	25.20	25.20	25.60	24.40	1.00	2.89	0.00
24.80	28.70	25.40	25.20	25.20	25.60	25.30	0.20	2.42	0.00
24.90	28.70	25.30	25.30	25.20	25.70	24.70	1.90	2.04	0.00
25.00	28.70	25.30	25.30	25.20	25.70	25.00	0.80	1.76	0.00
25.10	28.50	25.30	25.30	25.10	25.60	25.00	0.80	1.48	0.00
25.20	28.40	25.40	25.40	25.30	25.60	24.20	0.20	1.31	0.00
25.30	28.40	25.40	25.40	25.30	25.60	24.50	0.70	1.14	0.00
25.40	28.20	25.40	25.20	25.20	25.50	24.70	0.30	0.91	0.00
25.50	28.10	25.40	25.40	25.20	25.60	24.80	0.50	-0.63	0.00
25.60	28.10	25.40	25.40	25.20	25.60	24.80	0.50	-0.62	0.00
25.70	28.10	25.30	25.30	25.20	25.60	25.00	0.30	-0.59	0.00
25.80	28.00	25.40	25.30	25.20	25.50	25.00	0.50	-0.63	0.00
25.90	28.00	25.40	25.30	25.20	25.50	24.70	0.30	-0.63	0.00
26.00	27.90	25.30	25.20	25.20	25.30	24.70	0.30	-0.64	0.00
26.10	27.90	25.30	25.20	25.20	25.30	24.50	0.30	-0.63	0.00
26.20	27.80	25.30	25.20	25.10	25.50	24.50	0.80	-0.63	0.00
26.30	27.90	25.30	25.30	25.20	25.40	24.50	0.30	-0.66	0.00
26.40	27.90	25.30	25.30	25.20	25.40	24.20	0.50	-0.66	0.00
26.50	27.80	25.30	25.40	25.10	25.40	24.80	0.30	0.00	0.00
26.60	27.80	25.40	25.40	25.20	25.50	24.80	0.30	0.00	0.00
26.70	27.80	25.40	25.40	25.20	25.50	24.50	0.30	0.00	0.00
26.80	27.70	25.30	25.20	25.20	25.30	24.50	0.20	0.00	0.00
26.90	27.60	25.40	25.20	25.30	25.40	24.50	0.20	0.00	0.00
27.00	27.60	25.40	25.20	25.30	25.40	24.70	0.30	0.00	0.00
27.10	27.60	25.50	25.40	25.20	25.40	24.80	0.00	0.00	0.00
27.20	27.60	25.50	25.40	25.20	25.40	24.20	0.50	0.00	0.00
27.30	27.50	25.40	25.40	25.20	25.40	24.70	0.30	0.00	0.00
27.40	27.40	25.30	25.30	25.10	25.30	24.50	0.70	0.00	0.00
27.50	27.40	25.30	25.30	25.10	25.30	24.70	0.70	0.00	0.00
27.60	27.40	25.30	25.20	25.10	25.40	23.60	0.70	0.00	0.00
27.70	27.40	25.30	25.20	25.10	25.40	24.20	0.80	0.00	0.00
27.80	27.30	25.40	25.20	25.00	25.30	24.20	0.80	0.00	0.00
27.90	27.40	25.40	25.20	25.10	25.30	24.50	0.20	0.00	0.00
28.00	27.40	25.40	25.20	25.10	25.30	24.40	0.50	0.00	0.00
28.10	27.40	25.40	25.40	25.20	25.30	24.20	0.30	0.00	0.00
28.20	27.30	25.30	25.20	25.10	25.30	25.00	0.80	0.00	0.00
28.30	27.30	25.30	25.20	25.10	25.30	24.40	0.70	0.00	0.00
28.40	27.20	25.30	25.20	25.10	25.30	24.70	0.80	0.00	0.00
28.50	27.30	25.30	25.20	25.10	25.30	24.40	0.50	0.00	0.00
28.60	27.30	25.30	25.20	25.10	25.30	25.70	0.20	0.00	0.00
28.70	27.30	25.40	25.30	25.30	25.30	24.80	0.70	0.00	0.00
28.80	27.10	25.30	25.30	25.20	25.20	24.80	0.70	0.00	0.00
28.90	27.10	25.30	25.30	25.20	25.20	24.70	0.50	0.00	0.00
29.00	27.10	25.30	25.20	25.10	25.20	24.70	0.50	0.00	0.00
29.10	27.20	25.40	25.30	25.20	25.30	24.40	0.80	0.00	0.00
29.20	27.20	25.40	25.30	25.20	25.30	24.20	0.00	0.00	0.00
29.30	27.20	25.50	25.40	25.30	25.30	24.20	0.80	0.00	0.00
29.40	27.20	25.40	25.30	25.10	25.30	24.70	0.80	0.00	0.00
29.50	27.20	25.40	25.30	25.10	25.30	24.40	0.30	0.00	0.00
29.60	27.20	25.40	25.30	25.10	25.20	24.40	0.30	0.00	0.00
29.70	27.00	25.30	25.20	25.10	25.00	24.00	0.50	0.00	0.00
29.80	27.00	25.30	25.20	25.10	25.00	24.80	0.30	0.00	0.00
29.90	27.10	25.40	25.30	25.20	25.10	24.40	0.30	0.00	0.00
30.00	27.10	25.30	25.30	25.10	25.00	24.70	0.30	0.00	0.00
30.10	27.10	25.30	25.30	25.10	25.00	24.70	0.30	0.00	0.00
30.20	27.00	25.30	25.30	25.20	25.00	24.20	0.70	0.00	0.00
30.30	27.00	25.30	25.30	25.20	25.00	24.70	-0.60	0.00	0.00
30.40	27.00	25.40	25.30	25.20	25.10	25.00	0.30	0.00	0.00
30.50	27.00	25.20	25.20	25.10	24.80	24.20	0.30	0.00	0.00
30.60	27.00	25.20	25.20	25.10	24.80	25.10	0.50	0.00	0.00
30.70	27.00	25.40	25.20	25.20	24.80	25.10	0.50	0.00	0.00
30.80	27.00	25.30	25.30	25.10	24.90	24.50	0.50	0.00	0.00
30.90	27.00	25.30	25.30	25.10	24.90	24.70	0.70	0.00	0.00
31.00	26.90	25.20	25.30	25.20	24.90	25.00	0.50	0.00	0.00
31.10	27.00	25.30	25.20	25.10	24.70	24.80	0.50	0.00	0.00
31.20	27.00	25.30	25.20	25.10	24.70	24.80	0.70	0.00	0.00
31.30	27.00	25.40	25.20	25.20	24.80	24.70	0.70	0.00	0.00
31.40	26.90	25.20	25.30	25.20	24.90	24.50	0.70	0.00	0.00
31.50	26.90	25.20	25.30	25.20	24.90	24.40	0.50	0.00	0.00
31.60	26.90	25.30	25.20	25.20	24.90	24.40	0.50	0.00	0.00
31.70	27.00	25.30	25.40	25.30	24.90	24.50	0.80	0.00	0.00
31.80	27.00	25.30	25.40	25.30	24.90	24.20	0.20	0.00	0.00
31.90	26.80	25.30	25.10	25.10	24.90	24.70	1.40	0.00	0.00
32.00	26.80	25.30	25.10	25.10	24.90	24.50	0.20	0.00	0.00
32.10	26.80	25.30	25.20	25.00	24.80	24.40	0.20	0.00	0.00
32.20	26.90	25.40	25.30	25.30	24.90	24.40	0.70	0.00	0.00
32.30	26.90	25.40	25.30	25.30	24.90	24.20	0.80	0.00	0.00
32.40	26.80	25.20	25.20	25.20	24.80	24.00	1.00	0.00	0.00
32.50	26.80	25.30	25.20	25.10	24.90	24.00	1.00	0.00	0.00
32.60	26.80	25.30	25.20	25.10	24.90	24.50	0.00	0.00	0.00
32.70	26.80	25.30	25.30	25.20	24.80	24.70	0.30	0.00	0.00
32.80	26.90	25.30	25.30	25.20	24.80	24.40	0.00	0.00	0.00
32.90	26.90	25.30	25.30	25.20	24.80	24.20	0.70	0.00	0.00
33.00	26.90	25.40	25.40	25.30	25.00	25.10	0.30	0.00	0.00
33.10	26.70	25.20	25.20	25.20	24.80	25.10	0.30	0.00	0.00
33.20	26.70	25.20	25.20	25.20	24.80	24.70	-1.70	0.00	0.00
33.30	26.70	25.40	25.30	25.10	24.90	24.40	0.20	0.00	0.00
33.40	26.70	25.30	25.20	25.10	24.80	24.40	0.50	0.00	0.00
33.50	26.70	25.30	25.20	25.10	24.80	24.40	0.50	0.00	0.00
33.60	26.80	25.30	25.30	25.20	24.90	24.40	0.80	0.00	0.00
33.70	26.80	25.30	25.30	25.20	24.90	24.80	0.80	0.00	0.00
33.80	26.70	25.30	25.30	25.20	24.90	24.80	0.30	0.00	0.00
33.90	26.60	25.20	25.20	25.10	24.60	24.40	0.70	0.00	0.00
34.00	26.60	25.20	25.20	25.10	24.60	24.50	0.70	0.00	0.00
34.10	26.80	25.30	25.40	25.20	24.90	25.00	0.20	0.00	0.00
34.20	26.70	25.40	25.40	25.20	24.90	24.80	0.50	0.00	0.00
34.30	26.70	25.40	25.40	25.20	24.90	24.80	0.50	0.00	0.00
34.40	26.70	25.30	25.30	25.20	24.90	24.50	0.20	0.00	0.00
34.50	26.70	25.30	25.30	25.20	24.90	23.30	0.80	0.00	0.00
34.60	26.60	25.20	25.30	25.10	24.90	24.70	0.30	0.00	0.00
34.70	26.70	25.40	25.20	25.20	24.90	24.20	0.30	0.00	0.00
34.80	26.70	25.40	25.20	25.20	24.90	24.70	0.20	0.00	0.00
34.90	26.70	25.20	25.30	25.20	25.00	24.70	0.70	-0.01	0.00
35.00	26.70	25.20	25.30	25.20	25.00	24.50	0.70	0.00	0.00
35.10	26.60	25.30	25.30	25.20	24.90	24.70	1.00	0.02	0.00
35.20	26.70	25.40	25.20	25.10	24.90	24.40	0.50	3.46	0.00
35.30	26.70	25.40	25.20	25.10	24.90	24.50	0.80	11.57	0.00
35.40	26.60	25.30	25.30	25.20	24.90	24.50	0.80	20.28	0.00
35.50	26.70	25.40	25.30	25.30	25.10	24.50	0.80	28.48	0.00
35.60	26.70	25.40	25.30	25.30	25.10	24.40	0.70	30.17	0.00
35.70	26.60	25.20	25.30	25.10	25.10	24.20	0.50	32.56	0.00
35.80	26.70	25.40	25.30	25.20	25.20	24.50	0.70	37.46	0.00
35.90	26.70	25.40	25.30	25.20	25.20	24.80	0.50	40.35	0.00
36.00	26.60	25.30	25.20	25.10	25.20	24.80	0.20	42.84	0.00
36.10	26.80	25.40	25.30	25.30	25.30	24.20	0.30	45.43	0.00
36.20	26.80	25.40	25.30	25.30	25.30	24.20	0.30	47.54	0.00
36.30	26.60	25.40	25.20	25.20	25.40	24.70	0.70	48.14	0.00
36.40	26.60	25.40	25.20	25.20	25.40	24.70	0.70	48.21	0.00
36.50	26.60	25.40	25.30	25.10	25.40	24.50	0.00	47.96	0.00
36.60	26.50	25.30	25.20	25.10	25.40	24.50	-0.10	47.66	0.00
36.70	26.50	25.30	25.20	25.10	25.40	24.40	0.20	47.30	0.00
36.80	26.50	25.20	25.20	25.20	25.50	24.40	0.00	47.08	0.00
36.90	26.50	25.20	25.20	25.20	25.50	24.70	0.20	47.62	0.00
37.00	26.50	25.10	25.20	25.10	25.60	24.50	0.00	48.30	0.00
37.10	26.40	25.10	25.20	25.20	25.60	25.00	-0.30	47.69	0.00
37.20	26.40	25.10	25.20	25.20	25.60	24.40	0.20	48.08	0.00
37.30	26.50	25.00	25.20	25.10	25.60	24.40	0.20	47.68	0.00
37.40	26.50	25.10	25.20	25.10	25.70	24.70	0.20	46.22	0.00
37.50	26.50	25.10	25.20	25.10	25.70	24.70	-0.10	42.80	0.00
37.60	26.60	25.10	25.30	25.30	25.80	24.50	0.30	38.41	0.00
37.70	26.50	25.10	25.20	25.20	25.60	24.80	-0.40	36.30	0.00
37.80	26.50	25.10	25.20	25.20	25.60	24.40	-0.60	35.12	0.00
37.90	26.60	25.00	25.30	25.00	25.70	24.70	-0.60	34.31	0.00
38.00	26.50	24.90	25.20	25.10	25.60	24.20	-0.40	33.74	0.00
38.10	26.50	24.90	25.20	25.10	25.60	24.20	-0.70	33.38	0.00
38.20	26.40	25.00	25.20	25.20	25.50	24.20	-0.70	33.05	0.00
38.30	26.40	25.00	25.20	25.20	25.50	24.70	-1.00	32.87	0.00
38.40	26.50	24.90	25.30	25.10	25.60	25.00	-1.30	32.71	0.00
38.50	26.50	24.90	25.20	25.20	25.60	24.50	-1.30	32.60	0.00
38.60	26.40	24.80	25.20	25.10	25.50	24.80	-0.90	32.47	0.00
38.70	26.40	24.80	25.20	25.10	25.50	24.00	-1.30	32.39	0.00
38.80	26.50	24.90	25.30	25.10	25.50	24.40	-1.20	32.39	0.00
38.90	26.50	24.80	25.20	25.10	25.40	24.40	-1.00	32.35	0.00
39.00	26.50	24.80	25.20	25.10	25.40	24.50	-1.30	32.35	0.00
39.10	26.40	24.70	25.20	25.10	25.50	24.50	-1.30	32.36	0.00
39.20	26.40	24.70	25.20	25.10	25.50	24.80	-1.20	32.31	0.00
39.30	26.40	24.80	25.20	25.20	25.50	24.50	-1.70	32.30	0.00
39.40	26.30	24.70	25.20	25.10	25.40	24.70	-1.20	32.26	0.00
39.50	26.30	24.70	25.20	25.10	25.40	24.40	-1.50	32.29	0.00
39.60	26.50	24.70	25.20	25.20	25.40	24.20	-1.20	32.26	0.00
39.70	26.40	24.60	25.20	25.10	25.40	25.10	-0.30	32.32	0.00
39.80	26.40	24.60	25.20	25.10	25.40	24.70	-1.20	32.31	0.00
39.90	26.40	24.60	25.30	25.10	25.30	24.50	-1.70	32.23	0.00
40.00	26.30	24.80	25.30	25.20	25.30	24.50	-1.70	32.32	0.00
40.10	26.30	24.80	25.30	25.20	25.30	24.50	-2.00	32.29	0.00
40.20	26.40	24.70	25.20	25.20	25.40	24.50	-2.10	32.26	0.00
40.30	26.40	24.70	25.20	25.20	25.40	24.40	-1.80	32.31	0.00
40.40	26.40	24.70	25.20	25.20	25.30	24.70	-2.90	32.25	0.00
40.50	26.40	24.60	25.30	25.10	25.30	24.50	-2.10	32.22	0.00
40.60	26.40	24.60	25.30	25.10	25.30	25.00	-2.30	32.28	0.00
40.70	26.50	24.70	25.30	25.20	25.40	24.70	-1.80	32.28	0.00
40.80	26.30	24.60	25.30	25.10	25.40	24.20	-2.30	32.22	0.00
40.90	26.30	24.60	25.30	25.10	25.40	24.70	-2.10	32.26	0.00
41.00	26.30	24.70	25.30	25.10	25.30	24.40	-2.30	32.31	0.00
41.10	26.30	24.60	25.10	25.20	25.20	24.00	-2.70	32.31	0.00
41.20	26.30	24.60	25.10	25.20	25.20	24.50	-1.80	32.31	0.00
41.30	26.30	24.60	25.30	25.20	25.30	24.20	-2.60	32.28	0.00
41.40	26.30	24.50	25.20	25.20	25.30	24.20	-2.40	32.30	0.00
41.50	26.30	24.50	25.20	25.20	25.30	25.40	-2.90	32.26	0.00
41.60	26.40	24.60	25.20	25.20	25.30	24.70	-2.30	32.31	0.00
41.70	26.40	24.60	25.20	25.00	25.30	24.50	-2.30	32.30	0.00
41.80	26.40	24.60	25.20	25.00	25.30	24.20	-2.70	32.31	0.00
41.90	26.30	24.60	25.30	25.20	25.40	24.20	-2.70	32.28	0.00
42.00	26.10	24.40	25.10	25.00	25.20	24.40	-2.60	32.25	0.00
42.10	26.10	24.40	25.10	25.00	25.20	24.00	-2.70	32.26	0.00
42.20	26.20	24.60	25.30	25.20	25.30	24.40	-2.70	32.26	0.00
42.30	26.20	24.60	25.30	25.20	25.30	24.20	-2.90	32.23	0.00
42.40	26.40	24.50	25.20	25.20	25.40	24.70	-2.40	32.26	0.00
42.50	26.20	24.40	25.10	25.10	25.10	24.40	-2.70	32.28	0.00
42.60	26.20	24.40	25.10	25.10	25.10	24.40	-2.30	32.26	0.00
42.70	26.30	24.40	25.40	25.20	25.40	24.50	-2.60	32.24	0.00
42.80	26.30	24.20	25.30	25.10	25.30	24.50	-2.60	32.32	0.00
42.90	26.30	24.20	25.30	25.10	25.30	24.50	-2.60	32.28	0.00
43.00	26.20	24.30	25.10	25.20	25.30	24.00	-3.30	32.26	0.00
43.10	26.30	24.40	25.30	25.20	25.40	24.00	-2.90	32.26	0.00
43.20	26.30	24.40	25.30	25.20	25.40	24.70	-3.20	32.28	0.00
43.30	26.30	24.30	25.20	25.10	25.20	24.40	-3.00	32.26	0.00
43.40	26.30	24.30	25.30	25.20	25.30	24.40	-3.20	32.22	0.00
43.50	26.30	24.30	25.30	25.20	25.30	24.50	-3.00	32.24	0.00
43.60	26.30	24.10	25.30	25.30	25.20	24.70	-3.20	32.24	0.00
43.70	26.30	24.10	25.30	25.20	25.30	24.50	-2.70	32.25	0.00
43.80	26.30	24.10	25.30	25.20	25.30	24.50	-2.70	32.22	0.00
43.90	26.30	24.00	25.20	25.10	25.20	24.40	-3.50	32.22	0.00
44.00	26.30	24.00	25.20	25.10	25.20	24.50	-3.50	32.28	0.00
44.10	26.20	24.20	25.30	25.10	25.20	24.40	-3.30	32.25	0.00
44.20	26.20	24.20	25.20	25.10	25.10	24.70	-3.00	32.22	0.00
44.30	26.20	24.20	25.20	25.10	25.10	24.50	-3.20	32.28	0.00
44.40	26.30	24.30	25.30	25.20	25.30	24.50	-3.70	32.25	0.00
44.50	26.10	24.20	25.10	25.10	25.20	24.80	-3.50	32.26	0.00
44.60	26.10	24.20	25.10	25.10	25.20	24.80	-3.80	32.20	0.00
44.70	26.30	24.20	25.20	25.20	25.20	24.80	-3.80	32.22	0.00
44.80	26.20	24.20	25.20	25.00	25.10	24.50	-3.30	32.25	0.00
44.90	26.20	24.20	25.20	25.00	25.10	24.70	-3.80	32.25	0.00
45.00	26.20	24.40	25.10	25.10	25.20	24.50	-3.80	32.22	0.00
45.10	26.20	24.20	25.20	25.10	25.30	22.00	-3.70	32.25	0.00
45.20	26.20	24.20	25.20	25.10	25.30	24.40	-4.00	32.25	0.00
45.30	26.20	24.30	25.30	25.20	25.30	23.60	-4.00	32.25	0.00
45.40	26.20	24.40	25.20	25.20	25.30	24.50	-3.80	32.28	0.00
45.50	26.20	24.40	25.20	25.20	25.30	24.40	-4.00	32.26	0.00
45.60	26.20	24.40	25.30	25.20	25.20	24.80	-3.80	32.29	0.00
45.70	26.20	24.40	25.40	25.30	25.30	24.80	-3.80	32.25	0.00
45.80	26.20	24.40	25.40	25.30	25.30	25.00	-3.80	32.23	0.00
45.90	26.20	24.20	25.20	25.10	25.20	24.40	-3.70	32.22	0.00
46.00	26.20	24.40	25.20	25.20	25.30	24.50	-3.50	32.24	0.00
46.10	26.20	24.40	25.20	25.20	25.30	24.70	-3.80	32.26	0.00
46.20	26.20	24.40	25.20	25.10	25.30	24.70	-3.30	32.30	0.00
46.30	26.20	24.40	25.20	25.10	25.30	24.40	-3.70	32.30	0.00
46.40	26.20	24.40	25.30	25.20	25.20	24.70	-4.00	32.32	0.00
46.50	26.20	24.50	25.20	25.30	25.30	24.40	-3.70	32.28	0.00
46.60	26.20	24.50	25.20	25.30	25.30	24.40	-3.70	32.26	0.00
46.70	26.10	24.40	25.20	25.10	25.20	24.40	-3.70	32.24	0.00
46.80	26.20	24.50	25.20	25.20	25.20	24.70	-3.70	32.22	0.00
46.90	26.20	24.50	25.20	25.20	25.20	24.20	-3.80	32.26	0.00
47.00	26.10	24.50	25.30	25.20	25.30	24.20	-3.80	32.26	0.00
47.10	26.10	24.50	25.30	25.20	25.30	24.50	-4.00	32.29	0.00
47.20	26.10	24.40	25.30	25.10	25.20	24.40	-3.50	32.29	0.00
47.30	26.10	24.40	25.30	25.10	25.20	24.50	-3.50	32.26	0.00
47.40	26.10	24.60	25.20	25.30	25.20	24.40	-3.30	32.26	0.00
47.50	26.30	24.60	25.30	25.30	25.30	24.00	-3.50	32.30	0.00
47.60	26.30	24.60	25.30	25.30	25.30	24.00	-3.50	32.26	0.00
47.70	26.10	24.50	25.30	25.20	25.30	24.80	-3.80	32.26	0.00
47.80	26.20	24.50	25.20	25.10	25.20	24.20	-3.70	32.26	0.00
47.90	26.20	24.50	25.20	25.10	25.20	24.70	-3.30	32.20	0.00
48.00	26.20	24.60	25.30	25.20	25.20	24.00	-3.20	32.26	0.00
48.10	26.20	24.60	25.30	25.20	25.20	24.50	-3.30	32.30	0.00
48.20	26.20	24.60	25.20	25.20	25.40	24.20	-4.00	4.51	0.00
48.30	26.20	24.60	25.20	25.20	25.40	24.50	-5.00	4.23	0.00
48.40	26.10	24.60	25.30	25.10	25.20	24.00	-4.00	3.99	0.00
48.50	26.10	24.60	25.40	25.10	25.20	24.00	-4.00	3.78	0.00
48.60	26.10	24.60	25.40	25.10	25.20	23.90	-3.50	3.61	0.00
48.70	26.30	24.60	25.20	25.30	25.20	24.00	-3.50	3.42	0.00
48.80	26.00	24.60	25.20	25.10	25.00	24.80	-3.50	3.28	0.00
48.90	26.00	24.60	25.20	25.10	25.00	24.70	-3.80	3.15	0.00
49.00	26.10	24.50	25.30	25.00	25.00	24.50	-4.00	2.97	0.00
49.10	26.00	24.40	25.10	25.10	25.00	24.50	-3.70	2.84	0.00
49.20	26.00	24.40	25.10	25.10	25.00	24.50	-3.30	0.00	0.00
49.30	26.10	24.60	25.30	25.20	25.00	24.70	-3.30	0.00	0.00
49.40	26.00	24.50	25.20	25.10	25.00	24.70	-3.30	0.00	0.00
49.50	26.00	24.50	25.20	25.10	25.00	24.80	-3.50	0.00	0.00
49.60	26.00	24.60	25.20	25.20	24.90	24.80	-3.50	0.00	0.00
49.70	26.10	24.60	25.30	25.20	25.00	24.70	-4.30	0.00	0.00
49.80	26.10	24.60	25.30	25.20	25.00	24.40	-3.50	0.00	0.00
49.90	26.10	24.60	25.20	25.20	24.90	24.40	-3.30	0.00	0.00
50.00	26.10	24.60	25.20	25.20	24.80	24.50	-4.10	0.00	0.00
50.10	26.10	24.60	25.20	25.20	24.80	24.50	-3.50	0.00	0.00
50.20	26.00	24.60	25.30	25.20	24.90	24.20	-3.20	0.00	0.00
50.30	26.00	24.60	25.10	25.20	24.80	24.20	-3.20	0.00	0.00
50.40	26.00	24.60	25.10	25.20	24.80	24.40	-3.30	0.00	0.00
50.50	26.10	24.70	25.30	25.20	24.80	25.00	-3.80	0.00	0.00
50.60	26.10	24.70	25.30	25.30	25.00	24.40	-3.20	0.00	0.00
50.70	26.10	24.70	25.30	25.30	25.00	24.40	-3.00	0.00	0.00
50.80	26.00	24.60	25.20	25.20	24.90	24.70	-3.70	0.00	0.00
50.90	26.00	24.60	25.20	25.20	24.90	24.40	-3.50	0.00	0.00
51.00	26.00	24.60	25.20	25.20	24.90	24.40	-3.20	0.00	0.00
51.10	26.00	24.60	25.20	25.20	25.00	23.90	-3.70	0.00	0.00
51.20	26.00	24.50	25.20	25.10	25.00	24.80	-3.20	0.00	0.00
51.30	26.00	24.50	25.20	25.10	25.00	24.80	-3.20	0.00	0.00
51.40	25.90	24.50	25.20	25.10	24.90	24.00	-3.80	0.00	0.00
51.50	26.00	24.60	25.10	25.10	24.90	24.40	-3.20	0.00	0.00
51.60	26.00	24.60	25.10	25.10	24.90	24.20	-3.70	0.00	0.00
51.70	26.00	24.60	25.20	25.20	25.00	24.80	-3.80	0.00	0.00
51.80	26.00	24.70	25.30	25.20	25.00	24.50	-3.70	0.00	0.00
51.90	26.00	24.70	25.30	25.20	25.00	24.80	-5.50	0.00	0.00
52.00	25.90	24.70	25.30	25.10	25.00	24.00	-3.30	0.00	0.00
52.10	26.00	24.70	25.20	25.10	24.90	24.40	-3.80	0.00	0.00
52.20	26.00	24.70	25.20	25.10	24.90	24.70	-3.70	0.00	0.00
52.30	26.00	24.70	25.30	25.20	25.00	24.40	-3.30	0.00	0.00
52.40	26.00	24.70	25.30	25.20	25.00	24.40	-3.80	0.00	0.00
52.50	25.90	24.70	25.20	25.10	24.80	24.40	-3.00	0.00	0.00
52.60	26.20	24.70	25.20	25.20	25.10	24.50	-3.00	0.00	0.00
52.70	26.20	24.70	25.20	25.20	25.10	24.50	-4.00	0.00	0.00
52.80	26.00	24.50	25.30	25.10	25.00	24.20	-3.20	0.00	0.00
52.90	26.10	24.70	25.20	25.30	25.10	24.50	-3.20	0.00	0.00
53.00	26.10	24.70	25.20	25.30	25.10	24.40	-3.00	0.00	0.00
53.10	26.10	24.70	25.30	25.20	25.10	24.70	-4.10	0.00	0.00
53.20	26.00	24.60	25.30	25.20	25.00	24.70	-4.10	0.00	0.00
53.30	26.00	24.60	25.30	25.20	25.00	24.40	-3.70	0.00	0.00
53.40	26.00	24.70	25.30	25.20	25.00	24.50	-3.00	0.00	0.00
53.50	25.90	24.60	25.10	25.20	25.00	24.50	-3.30	0.00	0.00
53.60	25.90	24.60	25.10	25.20	25.00	24.50	-3.30	0.00	0.00
53.70	26.00	24.70	25.30	25.20	25.10	25.10	-3.70	0.00	0.00
53.80	26.00	24.70	25.30	25.20	25.10	22.70	-3.30	0.00	0.00
53.90	26.00	24.60	25.20	25.20	25.00	25.00	-3.70	0.00	0.00
54.00	25.90	24.70	25.20	25.20	25.00	24.20	-3.30	0.00	0.00
54.10	25.90	24.70	25.20	25.20	25.00	24.40	-3.50	0.00	0.00
54.20	26.00	24.60	25.20	25.20	25.00	24.40	-3.50	0.00	0.00
54.30	26.00	24.70	25.30	25.30	25.00	24.00	-2.70	0.00	0.00
54.40	26.00	24.70	25.30	25.30	25.00	24.40	-3.80	0.00	0.00
54.50	25.90	24.70	25.20	25.10	25.00	24.00	-3.70	0.00	0.00
54.60	25.90	24.60	25.10	25.20	25.00	24.70	-3.50	0.00	0.00
54.70	25.90	24.60	25.10	25.20	25.00	24.70	-3.50	0.00	0.00
54.80	26.00	24.70	25.30	25.10	24.90	24.00	-3.30	0.00	0.00
54.90	25.80	24.70	25.10	25.20	25.00	24.40	-3.20	0.00	0.00
55.00	25.80	24.70	25.10	25.20	25.00	24.20	-3.50	0.00	0.00
55.10	25.90	24.70	25.30	25.10	25.10	24.40	-3.20	0.00	0.00
55.20	26.00	24.70	25.30	25.20	25.10	24.40	-3.20	0.00	0.00
55.30	26.00	24.70	25.30	25.20	25.10	24.50	-3.00	0.00	0.00
55.40	26.00	24.70	25.30	25.20	25.10	24.50	-3.00	0.00	0.00
55.50	26.00	24.70	25.30	25.20	25.10	24.80	-3.30	0.00	0.00
55.60	25.90	24.70	25.20	25.20	25.10	24.50	-3.30	0.00	0.00
55.70	26.10	24.80	25.20	25.20	25.10	24.40	-3.30	0.00	0.00
55.80	26.10	24.80	25.20	25.20	25.10	24.40	-3.50	0.00	0.00
55.90	25.90	24.70	25.10	25.10	25.10	24.70	-3.00	0.00	0.00
56.00	25.90	24.70	25.10	25.10	25.10	24.50	-3.20	0.00	0.00
56.10	25.90	24.70	25.20	25.10	25.00	24.50	-3.50	0.00	0.00
56.20	25.90	24.70	25.20	25.20	25.10	24.50	-3.50	0.00	0.00
56.30	25.90	24.70	25.20	25.20	25.10	22.70	-0.60	0.00	0.00
56.40	25.10	29.80	25.00	25.30	25.00	19.10	5.70	0.00	0.00
56.50	23.10	33.40	24.80	25.50	25.10	16.40	11.40	0.00	0.00
56.60	23.10	33.40	24.80	25.50	25.10	14.70	14.20	0.00	0.00
56.70	21.30	32.90	25.00	25.30	25.00	14.40	14.80	0.00	0.00
56.80	21.30	32.90	25.00	25.30	25.00	15.40	14.50	0.00	0.00
56.90	20.00	31.80	25.00	25.30	25.10	14.20	14.50	0.00	0.00
57.00	19.20	31.40	25.10	25.30	25.10	14.20	14.70	0.00	0.00
57.10	19.20	31.40	25.10	25.30	25.10	14.20	15.10	0.00	0.00
57.20	18.50	31.70	25.10	25.40	25.10	14.20	15.10	0.00	0.00
57.30	18.40	30.80	25.10	25.20	25.00	14.20	14.70	0.00	0.00
57.40	18.40	30.80	25.10	25.20	25.00	15.00	15.10	0.00	0.00
57.50	18.50	30.80	25.10	25.20	25.00	14.70	15.30	0.00	0.00
57.60	18.60	31.00	25.00	25.40	25.10	14.50	14.70	0.00	0.00
57.70	18.60	31.00	25.00	25.40	25.10	14.80	15.00	0.00	0.00
57.80	18.60	31.00	25.30	25.20	25.10	14.40	15.40	0.00	0.00
57.90	18.90	30.60	25.20	25.20	25.10	14.70	14.80	0.00	0.00
58.00	18.90	30.60	25.20	25.20	25.10	14.80	13.70	0.00	0.00
58.10	19.40	30.40	25.20	25.20	25.00	15.00	15.10	0.00	0.00
58.20	19.50	30.30	25.10	25.30	25.10	15.00	15.10	0.00	0.00
58.30	19.50	30.30	25.10	25.30	25.10	14.80	14.70	0.00	0.00
58.40	20.10	29.80	25.30	25.40	25.20	15.10	15.40	0.00	0.00
58.50	20.00	29.60	25.10	25.20	25.00	15.30	15.00	0.00	0.00
58.60	20.00	29.60	25.10	25.20	25.00	14.80	15.00	0.00	0.00
58.70	20.50	29.60	25.10	25.20	25.10	15.30	15.30	0.00	0.00
58.80	20.50	29.60	25.10	25.20	25.10	14.70	15.00	0.00	0.00
58.90	20.80	29.20	25.10	25.20	24.90	14.50	15.10	0.00	0.00
59.00	21.10	29.00	25.20	25.20	25.10	14.80	15.10	0.00	0.00
59.10	21.10	29.00	25.20	25.20	25.10	15.30	15.40	0.00	0.00
59.20	21.40	29.00	25.20	25.20	25.10	15.30	15.40	0.00	0.00
59.30	21.90	29.60	25.20	25.40	25.20	15.10	15.60	0.00	0.00
59.40	21.90	29.60	25.20	25.40	25.20	14.80	15.30	0.00	0.00
59.50	21.80	29.30	25.10	25.20	25.10	13.70	12.20	0.00	0.00
59.60	21.80	29.30	25.10	25.20	25.10	12.20	10.50	0.00	0.00
59.70	21.60	29.00	25.00	25.30	25.20	10.50	9.70	0.00	0.00
59.80	20.30	28.60	25.00	25.20	25.10	10.00	8.50	0.00	0.00
59.90	20.30	28.60	25.00	25.20	25.10	8.70	7.60	0.00	0.00
60.00	19.50	28.20	24.90	25.10	25.00	8.30	6.20	0.00	0.00
60.10	18.70	27.80	24.90	25.10	25.10	7.60	6.40	0.00	0.00
60.20	18.70	27.80	24.90	25.10	25.10	7.60	6.40	0.00	0.00
60.30	17.40	27.60	25.00	25.20	25.10	6.00	5.30	0.00	0.00
60.40	16.60	27.00	25.10	25.20	25.20	4.80	4.50	0.00	0.00
60.50	16.60	27.00	25.10	25.20	25.20	4.30	3.90	0.00	0.00
60.60	15.70	26.50	24.90	25.10	25.10	3.60	3.10	0.00	0.00
60.70	14.70	26.30	25.00	25.30	25.10	3.30	2.80	0.00	0.00
60.80	14.70	26.30	25.00	25.30	25.10	3.10	2.80	0.00	0.00
60.90	14.20	25.80	25.00	25.20	25.10	2.70	2.40	0.00	0.00
61.00	13.40	25.80	25.10	25.10	25.10	1.90	2.00	0.00	0.00
61.10	13.40	25.80	25.10	25.10	25.10	1.90	2.00	0.00	0.00
61.20	13.10	25.60	25.10	25.10	25.00	1.90	2.00	0.00	0.00
61.30	12.70	25.60	25.00	25.20	25.00	1.70	1.30	0.00	0.00
61.40	12.70	25.60	25.00	25.20	25.00	0.80	1.10	0.00	0.00
61.50	12.80	25.70	25.00	25.10	25.10	1.00	1.10	0.00	0.00
61.60	12.90	25.50	25.10	25.20	25.20	1.00	0.80	0.00	0.00
61.70	12.90	25.50	25.10	25.20	25.20	0.80	1.60	0.00	0.00
61.80	12.80	25.60	25.00	25.20	25.10	0.70	0.30	0.00	0.00
61.90	12.70	25.50	25.00	25.10	25.10	0.50	0.70	0.00	0.00
62.00	12.70	25.50	25.00	25.10	25.10	1.00	0.80	0.00	0.00
62.10	13.20	25.40	25.00	25.20	25.00	1.00	0.80	0.00	0.00
62.20	13.50	25.20	25.00	25.10	25.10	0.50	0.50	0.00	0.00
62.30	13.50	25.20	25.00	25.10	25.10	0.00	0.30	0.00	0.00
62.40	13.80	25.70	25.00	25.20	25.10	0.70	1.10	0.00	0.00
62.50	14.10	25.60	25.00	25.00	25.10	0.00	1.00	0.00	0.00
62.60	14.10	25.60	25.00	25.00	25.10	0.00	0.80	0.00	0.00
62.70	14.80	25.60	25.00	25.20	25.20	0.20	0.20	0.00	0.00
62.80	14.80	25.60	25.00	25.20	25.20	0.50	0.50	0.00	0.00
62.90	15.00	25.70	25.00	25.20	25.10	0.30	0.20	0.00	0.00
63.00	15.80	25.50	25.10	25.20	25.10	-0.10	0.50	0.00	0.00
63.10	15.80	25.50	25.10	25.20	25.10	-0.10	0.50	0.00	0.00
63.20	16.00	25.70	25.00	25.10	25.00	0.50	0.50	0.00	0.00
63.30	16.70	25.50	25.10	25.20	25.10	0.20	0.70	0.00	0.00
63.40	16.70	25.50	25.10	25.20	25.10	0.20	0.50	0.00	0.00
63.50	17.00	25.20	25.10	25.10	25.10	0.70	1.10	0.00	0.00
63.60	17.00	25.20	25.10	25.10	25.10	0.00	0.20	0.00	0.00
63.70	17.50	25.50	25.20	25.20	25.20	0.20	0.00	0.00	0.00
63.80	17.80	25.30	25.10	25.10	25.10	0.70	0.30	0.00	0.00
63.90	17.80	25.30	25.10	25.10	25.10	0.20	1.00	0.00	0.00
64.00	18.20	25.60	25.10	25.20	25.20	-0.10	0.50	0.00	0.00
64.10	18.70	25.50	25.10	25.20	25.10	-0.10	0.50	0.00	0.00
64.20	18.70	25.50	25.10	25.20	25.10	0.30	1.30	0.00	0.00
64.30	19.00	25.60	25.00	25.20	25.20	0.70	0.20	0.00	0.00
64.40	19.30	25.50	24.90	25.20	25.10	0.30	1.10	0.00	0.00
64.50	19.30	25.50	24.90	25.20	25.10	0.00	0.50	0.00	0.00
64.60	19.50	25.20	25.00	25.20	25.00	0.50	-0.70	0.00	0.00
64.70	19.60	25.40	25.10	25.20	25.20	0.80	-0.30	0.00	0.00
64.80	19.60	25.40	25.10	25.20	25.20	0.50	0.50	0.00	0.00
64.90	20.00	25.50	25.10	25.30	25.10	0.20	0.20	0.00	0.00
65.00	20.30	25.30	25.10	25.10	25.20	0.20	0.50	0.00	0.00
65.10	20.30	25.30	25.10	25.10	25.20	0.20	0.50	0.00	0.00
65.20	20.60	25.60	25.00	25.20	25.10	0.20	0.50	0.00	0.00
65.30	20.80	25.70	25.20	25.30	25.20	0.20	0.30	0.00	0.00
65.40	20.80	25.70	25.20	25.30	25.20	0.00	0.50	0.00	0.00
65.50	20.80	25.40	25.10	25.30	25.00	0.30	0.20	0.00	0.00
65.60	20.80	25.40	25.10	25.30	25.00	-0.30	0.50	0.00	0.00
65.70	21.30	25.50	25.10	25.20	25.10	0.70	0.70	0.00	0.00
65.80	21.10	25.40	24.90	25.10	24.90	-0.10	0.50	0.00	0.00
65.90	21.10	25.40	24.90	25.10	24.90	0.30	0.20	0.00	0.00
66.00	21.40	25.60	25.00	25.20	25.00	0.30	0.20	0.00	0.00
66.10	21.60	25.40	25.10	25.20	25.10	0.30	1.70	0.00	0.00
66.20	21.60	25.40	25.10	25.20	25.10	0.20	0.30	0.00	0.00
66.30	21.70	25.70	25.10	25.30	25.10	0.20	1.90	0.00	0.00
66.40	21.70	25.70	25.10	25.30	25.10	-0.10	0.70	0.00	0.00
66.50	21.70	25.70	25.20	25.20	25.00	-0.30	0.70	0.00	0.00
66.60	22.00	25.50	25.10	25.20	25.10	-0.30	0.70	0.00	0.00
66.70	22.00	25.50	25.10	25.20	25.10	0.50	0.80	0.00	0.00
66.80	21.90	25.60	25.10	25.20	25.10	0.30	0.00	0.00	0.00
66.90	22.30	25.40	25.10	25.20	25.10	0.30	1.00	0.00	0.00
67.00	22.30	25.40	25.10	25.20	25.10	0.30	1.00	0.00	0.00
67.10	22.40	25.60	25.00	25.20	24.90	0.20	0.30	0.00	0.00
67.20	22.40	25.60	25.00	25.20	24.90	0.20	0.30	0.00	0.00
67.30	22.50	25.50	25.10	25.10	25.10	0.00	0.70	0.00	0.00
67.40	22.50	25.50	25.10	25.20	25.10	0.50	0.70	0.00	0.00
67.50	22.50	25.50	25.10	25.20	25.10	0.20	1.00	0.00	0.00
67.60	22.70	25.50	25.20	25.20	25.10	0.20	0.50	0.00	0.00
67.70	22.50	25.50	25.00	25.00	25.00	0.20	0.80	0.00	0.00
67.80	22.50	25.50	25.00	25.00	25.00	0.20	0.30	0.00	0.00
67.90	22.80	25.40	25.10	25.20	25.00	0.20	0.30	0.00	0.00
68.00	22.80	25.40	25.10	25.20	25.00	0.20	0.70	0.00	0.00
68.10	22.80	25.50	25.10	25.30	25.20	0.20	1.00	0.00	0.00
68.20	22.60	25.60	25.00	25.00	25.10	0.30	0.70	0.00	0.00
68.30	22.90	25.50	25.00	25.20	25.20	0.20	0.20	0.00	0.00
68.40	22.90	25.50	25.00	25.20	25.20	-0.10	0.20	0.00	0.00
68.50	22.70	25.70	25.10	25.10	25.10	0.20	0.80	0.00	0.00
68.60	22.70	25.70	25.10	25.10	25.10	-0.10	0.50	0.00	0.00
68.70	23.00	25.70	25.00	25.20	25.10	0.00	0.30	0.00	0.00
68.80	22.90	25.50	25.10	25.20	25.20	0.00	0.30	0.00	0.00
68.90	22.90	25.50	25.10	25.20	25.20	0.20	0.30	0.00	0.00
69.00	23.10	25.90	25.10	25.30	25.20	-0.10	0.50	0.00	0.00
69.10	22.90	25.70	25.10	25.10	25.10	0.30	0.50	0.00	0.00
69.20	22.90	25.70	25.10	25.10	25.10	0.20	0.70	0.00	0.00
69.30	23.00	25.60	25.10	25.10	25.20	0.70	1.00	0.00	0.00
69.40	23.00	25.60	25.10	25.10	25.20	0.20	0.30	0.00	0.00
69.50	23.10	25.50	25.20	25.20	25.10	0.20	0.50	0.00	0.00
69.60	23.10	25.60	25.10	25.10	25.10	0.70	0.50	0.00	0.00
69.70	23.10	25.60	25.10	25.10	25.10	0.70	0.50	0.00	0.00
69.80	23.30	25.60	25.10	25.20	25.10	0.20	0.50	0.00	0.00
69.90	23.20	25.80	25.10	25.10	25.20	0.30	0.30	0.00	0.00
70.00	23.20	25.80	25.10	25.10	25.20	0.00	0.70	0.00	0.00
70.10	23.30	26.00	25.20	25.40	25.10	0.50	0.70	0.00	0.00
70.20	23.30	26.00	25.20	25.40	25.10	0.00	0.80	0.00	0.00
70.30	23.30	25.70	25.20	25.20	25.10	-0.40	0.50	0.00	0.00
70.40	23.10	25.70	25.10	25.10	25.00	0.50	0.70	0.00	0.00
70.50	23.10	25.70	25.10	25.10	25.00	-1.80	0.80	0.00	0.00
70.60	23.30	25.70	25.00	25.20	25.20	0.00	0.50	0.00	0.00
70.70	23.30	25.70	25.10	25.20	25.10	0.00	0.50	0.00	0.00
70.80	23.30	25.70	25.10	25.20	25.10	0.30	0.50	0.00	0.00
70.90	23.20	25.90	25.10	25.20	25.00	0.50	0.30	0.00	0.00
71.00	23.30	25.60	25.20	25.10	25.20	0.00	0.50	0.00	0.00
71.10	23.30	25.60	25.20	25.10	25.20	0.30	1.00	0.00	0.00
71.20	23.30	25.90	25.00	25.20	25.20	0.20	0.80	0.00	0.00
71.30	23.50	25.70	25.00	25.10	25.10	0.20	0.50	0.00	0.00
71.40	23.50	25.70	25.00	25.10	25.10	0.50	0.50	0.00	0.00
71.50	23.50	25.90	25.20	25.10	25.10	0.70	0.70	0.00	0.00
71.60	23.40	25.70	25.10	25.20	25.10	0.70	0.70	0.00	0.00
71.70	23.40	25.70	25.10	25.20	25.10	0.70	0.50	0.00	0.00
71.80	23.40	25.80	25.20	25.20	25.10	0.50	0.50	0.00	0.00
71.90	23.40	25.80	25.20	25.20	25.10	0.00	0.30	0.00	0.00
72.00	23.50	25.70	25.00	25.20	25.10	0.70	0.30	0.00	0.00
72.10	23.50	25.80	25.20	25.20	25.10	0.20	0.20	0.00	0.00
72.20	23.50	25.80	25.20	25.20	25.10	0.20	0.30	0.00	0.00
72.30	23.40	25.70	25.10	25.30	25.20	0.20	0.70	0.00	0.00
72.40	23.40	25.70	25.00	25.00	25.10	0.30	0.30	0.00	0.00
72.50	23.40	25.70	25.00	25.00	25.10	0.00	0.50	0.00	0.00
72.60	23.50	25.70	25.20	25.40	25.10	0.00	0.50	0.00	0.00
72.70	23.50	25.70	25.20	25.40	25.10	0.30	1.00	0.00	0.00
72.80	23.70	25.80	25.20	25.30	25.20	0.20	0.80	0.00	0.00
72.90	23.50	25.90	25.00	25.20	25.10	0.50	-0.40	0.00	0.00
73.00	23.50	25.90	25.00	25.20	25.10	-0.30	0.70	0.00	0.00
73.10	23.50	25.70	25.20	25.10	25.10	0.20	1.10	0.00	0.00
73.20	23.60	25.90	25.20	25.30	25.30	0.30	0.50	0.00	0.00
73.30	23.60	25.90	25.20	25.30	25.30	0.50	0.70	0.00	0.00
73.40	23.50	25.80	25.30	25.20	25.20	0.30	1.10	0.00	0.00
73.50	23.50	25.80	25.30	25.20	25.20	0.30	1.10	0.00	0.00
73.60	23.60	25.80	25.20	25.20	25.20	0.20	0.80	0.00	0.00
73.70	23.50	25.80	25.10	25.20	25.20	0.00	1.00	0.00	0.00
73.80	23.50	25.80	25.10	25.20	25.20	0.20	0.80	0.00	0.00
73.90	23.70	25.80	25.20	25.10	25.20	-2.00	1.10	0.00	0.00
74.00	23.50	25.60	25.20	25.10	24.90	0.50	1.00	0.00	0.00
74.10	23.50	25.60	25.20	25.10	24.90	0.00	1.00	0.00	0.00
74.20	23.70	25.80	25.20	25.40	25.10	0.20	0.70	0.00	0.00
74.30	23.50	25.80	25.20	25.10	25.10	0.20	0.80	0.00	0.00
74.40	23.50	25.80	25.20	25.10	25.10	0.30	1.00	0.00	0.00
74.50	23.70	25.80	25.30	25.30	25.10	0.00	1.00	0.00	0.00
74.60	23.50	25.60	25.10	25.10	25.00	0.20	0.70	0.00	0.00
74.70	23.50	25.60	25.10	25.10	25.00	-0.10	1.00	0.00	0.00
74.80	23.80	25.90	25.20	25.10	25.20	0.50	0.80	0.00	0.00
74.90	23.60	25.80	25.00	25.20	25.10	0.30	0.70	0.00	0.00
75.00	23.60	25.80	25.00	25.20	25.10	0.00	0.70	0.00	0.00
75.10	23.70	25.90	25.10	25.20	25.10	0.30	0.30	0.00	0.00
75.20	23.70	25.90	25.10	25.20	25.10	0.50	0.70	0.00	0.00
75.30	23.80	25.90	25.20	25.20	25.10	-0.10	1.00	0.00	0.00
75.40	23.80	25.80	25.00	25.20	25.00	-0.10	1.00	0.00	0.00
75.50	23.80	25.80	25.00	25.20	25.00	0.30	0.80	0.00	0.00
75.60	23.70	25.90	25.20	25.30	25.10	0.00	1.10	0.00	0.00
75.70	23.70	25.90	25.20	25.30	25.10	0.30	0.70	0.00	0.00
75.80	23.60	25.70	25.10	25.10	25.00	0.30	0.80	0.00	0.00
75.90	23.60	25.70	25.10	25.10	25.00	0.00	0.00	0.00	0.00
76.00	23.70	25.90	25.10	25.20	25.10	0.20	1.00	0.00	0.00
76.10	23.70	25.80	25.10	25.20	25.00	0.20	0.70	0.00	0.00
76.20	23.70	25.80	25.10	25.20	25.00	0.30	1.40	0.00	0.00
76.30	23.60	25.90	25.20	25.20	25.20	0.30	0.70	0.00	0.00
76.40	23.70	25.80	25.10	25.20	25.10	0.30	0.70	0.00	0.00
76.50	23.70	25.80	25.10	25.20	25.10	0.50	1.00	0.00	0.00
76.60	23.70	25.90	25.10	25.10	25.10	0.50	0.70	0.00	0.00
76.70	23.70	25.80	25.10	25.20	25.00	-0.10	0.70	0.00	0.00
76.80	23.70	25.80	25.10	25.20	25.00	0.30	0.80	0.00	0.00
76.90	23.70	25.70	25.00	25.00	25.00	0.20	0.70	0.00	0.00
77.00	23.70	25.70	25.00	25.00	25.00	0.50	0.80	0.00	0.00
77.10	23.70	25.80	25.00	25.10	24.90	0.20	0.80	0.00	0.00
77.20	23.70	25.80	25.00	25.10	24.90	0.20	0.80	0.00	0.00
77.30	23.80	25.80	25.20	25.20	25.30	0.20	0.80	0.00	0.00
77.40	23.80	25.80	25.10	25.20	25.10	0.00	0.70	0.00	0.00
77.50	23.80	25.80	25.10	25.20	25.10	0.30	1.00	0.00	0.00
77.60	23.80	25.80	25.10	25.20	25.20	0.20	0.20	0.00	0.00
77.70	23.70	25.80	25.10	25.10	25.00	0.30	0.80	0.00	0.00
77.80	23.70	25.80	25.10	25.10	25.00	0.20	1.00	0.00	0.00
77.90	23.90	25.80	25.10	25.40	25.20	0.30	0.30	0.00	0.00
78.00	23.90	25.70	25.10	25.20	25.10	-0.10	1.10	0.00	0.00
78.10	23.90	25.70	25.10	25.20	25.10	0.30	1.10	0.00	0.00
78.20	23.80	25.90	25.00	25.30	25.10	0.70	0.50	0.00	0.00
78.30	23.90	25.80	25.10	25.10	25.10	0.70	0.50	0.00	0.00
78.40	23.90	25.80	25.10	25.10	25.10	0.30	1.30	0.00	0.00
78.50	23.80	25.90	25.20	25.30	25.20	0.80	0.70	0.00	0.00
78.60	23.80	25.90	25.20	25.30	25.20	0.30	1.00	0.00	0.00
78.70	23.90	25.80	25.10	25.30	25.10	0.50	1.30	0.00	0.00
78.80	23.80	25.80	25.10	25.10	25.10	0.50	0.80	0.00	0.00
78.90	23.80	25.80	25.10	25.10	25.10	-0.60	1.00	0.00	0.00
79.00	23.90	25.80	25.10	25.20	25.20	0.00	1.10	0.00	0.00
79.10	23.90	25.80	25.10	25.20	25.20	0.00	0.80	0.00	0.00
79.20	24.10	25.90	25.20	25.30	25.20	0.00	0.80	0.00	0.00
79.30	23.90	25.80	25.10	25.20	25.10	0.80	1.00	0.00	0.00
79.40	23.90	25.80	25.10	25.20	25.10	0.00	0.70	0.00	0.00
79.50	24.00	25.80	25.00	25.20	25.10	0.50	1.00	0.00	0.00
79.60	23.80	26.00	25.20	25.30	25.20	-0.10	0.70	0.00	0.00
79.70	23.80	26.00	25.20	25.30	25.20	0.20	1.30	0.00	0.00
79.80	24.00	25.90	25.20	25.30	25.20	0.00	0.70	0.00	0.00
79.90	23.90	25.90	25.20	25.20	25.20	0.20	0.80	0.00	0.00
80.00	23.90	25.90	25.20	25.20	25.20	0.00	0.80	0.00	0.00
80.10	24.00	25.90	25.00	25.20	25.10	0.00	0.80	0.00	0.00
80.20	24.00	25.90	25.10	25.20	25.20	0.00	0.80	0.00	0.00
80.30	24.00	25.90	25.10	25.20	25.20	1.30	0.50	0.00	0.00
80.40	23.90	25.80	25.00	25.10	25.10	0.20	1.10	0.00	0.00
80.50	24.00	25.90	25.10	25.20	25.10	0.30	0.00	0.00	0.00
80.60	24.00	25.90	25.10	25.20	25.10	0.00	0.80	0.00	0.00
80.70	23.90	25.90	25.20	25.30	25.10	-0.10	1.00	0.00	0.00
80.80	24.00	25.80	25.20	25.10	25.10	0.20	1.00	0.00	0.00
80.90	24.00	25.80	25.20	25.10	25.10	-0.10	1.00	0.00	0.00
81.00	23.90	25.80	25.10	25.20	25.20	1.00	1.00	0.00	0.00
81.10	23.90	25.80	25.10	25.20	25.20	1.00	1.00	0.00	0.00
81.20	24.00	25.80	25.10	25.20	25.00	0.50	0.70	0.00	0.00
81.30	24.10	25.80	25.10	25.20	25.20	0.50	0.70	0.00	0.00
81.40	24.10	25.80	25.10	25.20	25.20	0.30	1.30	0.00	0.00
81.50	24.00	25.90	25.10	25.20	25.10	-0.90	1.10	0.00	0.00
81.60	24.00	25.80	25.10	25.10	25.10	-0.30	0.80	0.00	0.00
81.70	24.00	25.80	25.10	25.10	25.10	0.70	1.00	0.00	0.00
81.80	24.00	25.90	25.10	25.40	25.20	0.80	0.70	0.00	0.00
81.90	23.90	25.80	25.10	25.10	25.00	0.00	1.40	0.00	0.00
82.00	23.90	25.80	25.10	25.10	25.00	0.00	1.40	0.00	0.00
82.10	24.00	25.80	25.10	25.00	25.00	0.80	1.10	0.00	0.00
82.20	24.10	25.80	25.10	25.20	25.10	-0.70	1.30	0.00	0.00
82.30	24.10	25.80	25.10	25.20	25.10	0.20	1.00	0.00	0.00
82.40	24.00	25.80	25.10	25.20	25.10	0.30	0.80	0.00	0.00
82.50	24.00	25.80	25.20	25.20	25.10	-0.30	1.00	0.00	0.00
82.60	24.00	25.80	25.20	25.20	25.10	0.20	0.80	0.00	0.00
82.70	24.00	26.00	25.30	25.30	25.20	-0.10	0.80	0.00	0.00
82.80	24.00	26.00	25.30	25.30	25.20	0.30	0.70	0.00	0.00
82.90	23.90	25.80	25.00	25.10	25.00	0.30	0.70	0.00	0.00
83.00	24.10	25.80	25.10	25.20	25.10	0.50	1.00	0.00	0.00
83.10	24.10	25.80	25.10	25.20	25.10	0.50	0.70	0.00	0.00
83.20	24.10	25.80	25.10	25.20	25.10	0.00	1.10	0.00	0.00
83.30	24.00	25.90	25.30	25.20	25.20	0.00	0.50	0.00	0.00
83.40	24.00	25.90	25.30	25.20	25.20	0.50	0.50	0.00	0.00
83.50	24.00	25.80	25.20	25.20	25.10	-0.30	1.00	0.00	0.00
83.60	23.80	25.80	25.00	25.10	25.00	0.30	0.70	0.00	0.00
83.70	23.80	25.80	25.00	25.10	25.00	0.00	0.50	0.00	0.00
83.80	24.00	25.70	25.10	25.10	25.00	0.00	0.50	0.00	0.00
83.90	24.10	25.90	25.10	25.20	25.20	0.30	1.30	0.00	0.00
84.00	24.10	25.90	25.10	25.20	25.20	0.30	1.30	0.00	0.00
84.10	24.10	25.80	25.00	25.20	25.20	0.20	0.70	0.00	0.00
84.20	24.10	25.80	25.00	25.20	25.20	1.00	0.50	0.00	0.00
84.30	24.10	25.80	25.10	25.10	25.00	0.20	1.00	0.00	0.00
84.40	24.10	25.80	25.10	25.30	25.10	0.30	1.10	0.00	0.00
84.50	24.10	25.80	25.10	25.30	25.10	0.20	0.70	0.00	0.00
84.60	24.10	25.80	25.10	25.20	25.20	0.50	0.70	0.00	0.00
84.70	24.10	25.80	25.10	25.20	25.20	0.00	1.00	0.00	0.00
84.80	24.00	25.90	25.10	25.20	25.10	0.00	1.00	0.00	0.00
84.90	24.20	25.90	25.10	25.20	25.30	-0.60	0.70	0.00	0.00
85.00	24.20	25.90	25.10	25.20	25.30	0.00	0.70	0.00	0.00
85.10	24.20	25.90	25.00	25.20	25.10	0.20	1.00	0.00	0.00
85.20	24.10	26.00	25.30	25.20	25.20	0.30	0.80	0.00	0.00
85.30	24.10	26.00	25.30	25.20	25.20	-0.30	1.10	0.00	0.00
85.40	24.10	25.90	25.20	25.20	25.00	-0.10	0.70	0.00	0.00
85.50	24.00	25.70	25.10	25.10	25.10	0.30	0.80	0.00	0.00
85.60	24.00	25.70	25.10	25.10	25.10	0.30	0.70	0.00	0.00
85.70	24.10	25.90	25.10	25.10	25.20	0.50	0.80	0.00	0.00
85.80	24.10	25.90	25.10	25.10	25.10	0.50	0.80	0.00	0.00
85.90	24.10	25.90	25.10	25.10	25.10	0.00	1.00	0.00	0.00
86.00	24.10	25.90	25.20	25.20	25.10	0.00	0.80	0.00	0.00
86.10	24.20	25.90	25.10	25.20	25.10	0.00	1.30	0.00	0.00
86.20	24.20	25.90	25.10	25.20	25.10	0.20	0.80	0.00	0.00
86.30	24.10	25.80	25.00	25.30	25.10	0.80	1.30	0.00	0.00
86.40	24.20	25.90	25.10	25.20	25.10	0.30	0.50	0.00	0.00
86.50	24.20	25.90	25.10	25.20	25.10	0.20	1.00	0.00	0.00
86.60	24.20	25.90	25.20	25.20	25.20	0.30	0.70	0.00	0.00
86.70	24.20	25.90	25.20	25.20	25.20	0.30	0.70	0.00	0.00
86.80	24.10	25.80	25.10	25.10	25.00	0.30	0.70	0.00	0.00
86.90	24.20	25.90	25.30	25.30	25.30	0.20	0.50	0.00	0.00
87.00	24.20	25.90	25.30	25.30	25.30	0.00	0.80	0.00	0.00
87.10	24.20	25.90	25.10	25.10	25.10	0.20	0.80	0.00	0.00
87.20	24.20	25.80	25.20	25.10	25.10	0.20	0.80	0.00	0.00
87.30	24.20	25.80	25.20	25.10	25.10	0.70	0.50	0.00	0.00
87.40	24.20	25.80	25.10	25.20	25.10	0.20	1.10	0.00	0.00
87.50	24.20	25.80	25.10	25.20	25.00	0.50	0.80	0.00	0.00
87.60	24.20	25.80	25.10	25.20	25.00	0.30	0.70	0.00	0.00
87.70	24.20	25.80	25.10	25.20	25.00	0.30	0.70	0.00	0.00
87.80	24.20	25.80	25.10	25.10	25.10	0.30	1.00	0.00	0.00
87.90	24.20	25.80	25.10	25.10	25.10	0.00	1.10	0.00	0.00
88.00	24.20	25.70	25.10	25.00	25.00	0.00	1.30	0.00	0.00
88.10	24.20	25.70	25.10	25.00	25.00	0.00	1.00	0.00	0.00
88.20	24.20	25.90	25.20	25.20	25.10	0.00	1.00	0.00	0.00
88.30	24.20	25.90	25.10	25.20	25.10	0.00	0.30	0.00	0.00
88.40	24.20	25.90	25.10	25.20	25.10	0.50	0.80	0.00	0.00
88.50	24.10	25.80	25.10	25.20	25.10	0.20	1.00	0.00	0.00
88.60	24.20	25.80	25.10	25.20	25.00	0.30	0.50	0.00	0.00
88.70	24.20	25.80	25.10	25.20	25.00	0.70	0.80	0.00	0.00
88.80	24.20	25.80	25.00	25.10	25.20	0.20	0.50	0.00	0.00
88.90	24.10	25.90	25.00	25.10	25.00	0.30	0.80	0.00	0.00
89.00	24.10	25.90	25.00	25.10	25.00	0.50	1.10	0.00	0.00
89.10	24.30	25.90	25.20	25.30	25.20	0.50	1.00	0.00	0.00
89.20	24.30	25.90	25.20	25.30	25.20	0.70	0.70	0.00	0.00
89.30	24.20	25.80	25.10	25.20	25.00	-0.10	0.70	0.00	0.00
89.40	24.20	25.80	25.10	25.10	25.00	0.00	1.00	0.00	0.00
89.50	24.20	25.80	25.10	25.10	25.00	0.50	0.50	0.00	0.00
89.60	24.30	25.90	25.20	25.30	25.20	0.20	1.00	0.00	0.00
89.70	24.30	25.90	25.20	25.20	25.10	0.20	1.00	0.00	0.00
89.80	24.30	25.90	25.20	25.20	25.10	0.20	1.30	0.00	0.00
89.90	24.30	26.00	25.20	25.20	25.20	0.80	1.10	0.00	0.00
90.00	24.30	25.90	25.20	25.40	25.10	0.00	1.40	0.00	0.00
90.10	24.30	25.90	25.20	25.40	25.10	0.20	0.70	0.00	0.00
90.20	24.40	26.00	25.20	25.30	25.20	-0.30	0.70	0.00	0.00
90.30	24.40	26.00	25.20	25.30	25.20	0.20	1.00	0.00	0.00
90.40	24.40	26.00	25.20	25.30	25.20	0.50	0.80	0.00	0.00
90.50	24.10	25.80	25.10	25.10	25.10	0.00	0.80	0.00	0.00
90.60	24.10	25.80	25.10	25.10	25.10	0.50	1.00	0.00	0.00
90.70	24.30	25.80	25.20	25.30	25.20	0.50	1.00	0.00	0.00
90.80	24.20	25.80	25.00	25.10	25.00	0.20	1.00	0.00	0.00
90.90	24.20	25.80	25.00	25.10	25.00	0.20	0.30	0.00	0.00
91.00	24.30	25.80	25.10	25.20	25.20	0.30	1.00	0.00	0.00
91.10	24.20	25.80	25.10	25.20	25.20	-0.10	1.00	0.00	0.00
91.20	24.20	25.80	25.10	25.20	25.20	0.50	0.80	0.00	0.00
91.30	24.30	25.90	25.20	25.20	25.00	0.00	1.30	0.00	0.00
91.40	24.30	25.90	25.20	25.20	25.00	0.00	0.30	0.00	0.00
91.50	24.30	25.80	25.20	25.20	25.20	0.20	0.30	0.00	0.00
91.60	24.30	25.90	25.10	25.20	25.10	0.20	0.30	0.00	0.00
91.70	24.30	25.90	25.10	25.20	25.10	0.20	1.30	0.00	0.00
91.80	24.20	25.90	25.20	25.20	25.10	0.30	1.00	0.00	0.00
91.90	24.30	25.80	25.10	25.20	25.20	0.50	0.80	0.00	0.00
92.00	24.30	25.80	25.10	25.20	25.20	0.30	0.80	0.00	0.00
92.10	24.30	25.90	25.20	25.20	25.20	0.50	1.10	0.00	0.00
92.20	24.40	25.80	25.20	25.20	25.10	0.30	0.80	0.00	0.00
92.30	24.40	25.80	25.20	25.20	25.10	0.20	0.50	0.00	0.00
92.40	24.30	25.90	25.10	25.30	25.30	0.30	0.70	0.00	0.00
92.50	24.30	25.90	25.20	25.20	25.10	-0.10	1.00	0.00	0.00
92.60	24.30	25.90	25.20	25.20	25.10	-0.10	1.00	0.00	0.00
92.70	24.40	25.90	25.20	25.30	25.20	0.20	1.40	0.00	0.00
92.80	24.20	25.80	25.00	25.20	25.10	0.30	1.30	0.00	0.00
92.90	24.20	25.80	25.00	25.20	25.10	0.00	0.80	0.00	0.00
93.00	24.40	25.90	25.20	25.20	25.10	0.50	0.70	0.00	0.00
93.10	24.40	25.90	25.20	25.20	25.10	0.30	0.70	0.00	0.00
93.20	24.30	25.80	25.10	25.20	25.00	0.30	1.00	0.00	0.00
93.30	24.30	25.80	25.10	25.20	25.00	0.30	1.00	0.00	0.00
93.40	24.30	25.90	25.10	25.20	25.10	-0.10	0.70	0.00	0.00
93.50	24.30	25.90	25.10	25.20	25.10	0.80	0.70	0.00	0.00
93.60	24.30	25.90	25.10	25.20	25.10	0.80	0.70	0.00	0.00
93.70	24.50	25.90	25.10	25.20	25.20	0.00	1.10	0.00	0.00
93.80	24.30	25.80	25.10	25.10	25.00	0.00	1.10	0.00	0.00
93.90	24.30	25.80	25.10	25.10	25.00	0.00	0.80	0.00	0.00
94.00	24.20	25.70	25.10	25.20	25.00	0.30	1.00	0.00	0.00
94.10	24.30	25.90	25.20	25.20	25.10	-0.10	0.80	0.00	0.00
94.20	24.30	25.90	25.20	25.20	25.10	0.80	1.90	0.00	0.00
94.30	24.30	25.70	25.00	25.20	25.10	0.30	0.50	0.00	0.00
94.40	24.30	25.80	25.20	25.20	25.00	0.30	1.10	0.00	0.00
94.50	24.30	25.80	25.20	25.20	25.00	0.00	0.80	0.00	0.00
94.60	24.30	25.90	25.00	25.20	25.10	0.00	0.80	0.00	0.00
94.70	24.30	25.90	25.00	25.20	25.10	-0.30	1.00	0.00	0.00
94.80	24.30	25.80	25.20	25.20	25.10	0.30	1.30	0.00	0.00
94.90	24.30	25.80	25.20	25.20	25.10	0.30	1.00	0.00	0.00
95.00	24.50	25.90	25.20	25.20	25.10	0.30	1.00	0.00	0.00
95.10	24.30	25.60	25.10	25.20	25.00	0.30	0.80	0.00	0.00
95.20	24.30	25.60	25.10	25.20	25.00	0.00	1.10	0.00	0.00
95.30	24.50	25.90	25.20	25.30	25.10	-0.10	0.80	0.00	0.00
95.40	24.50	26.00	25.20	25.30	25.20	-0.30	1.10	0.00	0.00
95.50	24.50	26.00	25.20	25.30	25.20	0.70	0.70	0.00	0.00
95.60	24.40	25.80	25.10	25.20	25.20	0.70	0.70	0.00	0.00
95.70	24.40	25.80	25.10	25.10	25.10	0.30	1.00	0.00	0.00
95.80	24.40	25.80	25.10	25.10	25.10	0.50	1.00	0.00	0.00
95.90	24.30	25.80	25.30	25.30	25.20	0.70	0.80	0.00	0.00
96.00	24.40	25.90	25.10	25.30	25.00	0.80	0.70	0.00	0.00
96.10	24.40	25.90	25.10	25.30	25.00	0.50	0.80	0.00	0.00
96.20	24.40	25.80	25.20	25.20	25.10	0.20	0.80	0.00	0.00
96.30	24.40	25.80	25.10	25.10	25.10	0.20	1.00	0.00	0.00
96.40	24.40	25.80	25.10	25.10	25.10	0.00	0.30	0.00	0.00
96.50	24.50	25.80	25.20	25.20	25.10	0.00	0.30	0.00	0.00
96.60	24.50	25.90	25.20	25.20	25.30	0.20	1.00	0.00	0.00
96.70	24.50	25.90	25.20	25.20	25.30	0.20	0.50	0.00	0.00
96.80	24.30	25.70	25.00	25.20	25.00	0.00	0.80	0.00	0.00
96.90	24.50	25.80	25.30	25.30	25.20	-0.10	0.80	0.00	0.00
97.00	24.50	25.80	25.30	25.30	25.20	0.00	1.10	0.00	0.00
97.10	24.40	25.80	25.10	25.10	25.00	0.50	0.30	0.00	0.00
97.20	24.40	25.80	25.10	25.10	25.00	0.30	2.20	0.00	0.00
97.30	24.50	25.70	25.10	25.10	25.00	0.30	0.80	0.00	0.00
97.40	24.50	25.90	25.20	25.20	25.10	0.30	0.80	0.00	0.00
97.50	24.50	25.90	25.20	25.20	25.10	0.00	0.30	0.00	0.00
97.60	24.50	25.80	25.20	25.30	25.20	0.50	1.10	0.00	0.00
97.70	24.30	25.70	25.10	25.20	25.00	0.50	0.70	0.00	0.00
97.80	24.30	25.70	25.10	25.20	25.00	0.00	0.80	0.00	0.00
97.90	24.50	25.90	25.10	25.20	25.20	0.30	1.00	0.00	0.00
98.00	24.50	25.90	25.20	25.30	25.10	0.00	1.00	0.00	0.00
98.10	24.50	25.90	25.20	25.30	25.10	0.00	1.00	0.00	0.00
98.20	24.50	25.80	25.20	25.20	25.10	0.20	0.70	0.00	0.00
98.30	24.50	25.80	25.20	25.20	25.10	0.50	0.80	0.00	0.00
98.40	24.50	25.80	25.30	25.20	25.10	0.50	0.80	0.00	0.00
98.50	24.30	25.80	25.10	25.10	25.10	-0.10	0.50	0.00	0.00
98.60	24.30	25.80	25.10	25.10	25.10	-0.10	0.70	0.00	0.00
98.70	24.40	25.70	25.10	25.00	25.00	-0.10	0.50	0.00	0.00
98.80	24.30	25.80	25.10	25.20	25.10	0.50	1.30	0.00	0.00
98.90	24.30	25.80	25.10	25.20	25.10	0.00	1.00	0.00	0.00
99.00	24.60	25.90	25.20	25.20	25.20	0.50	0.70	0.00	0.00
99.10	24.50	25.80	25.20	25.30	25.30	-0.30	0.80	0.00	0.00
99.20	24.50	25.80	25.20	25.30	25.30	0.50	0.70	0.00	0.00
99.30	24.40	25.70	25.10	25.20	25.00	0.00	1.30	0.00	0.00
99.40	24.40	25.70	25.10	25.20	25.00	0.00	1.30	0.00	0.00
99.50	24.50	25.90	25.10	25.10	25.10	1.10	0.70	0.00	0.00
99.60	24.50	26.00	25.30	25.30	25.20	0.00	0.50	0.00	0.00
99.70	24.50	26.00	25.30	25.30	25.20	0.00	0.80	0.00	0.00
99.80	24.50	25.70	25.20	25.20	25.20	1.00	1.00	0.00	0.00
99.90	24.40	25.70	25.10	25.20	25.00	0.50	1.10	0.00	0.00
100.00	24.40	25.70	25.10	25.20	25.00	0.00	0.50	0.00	0.00
100.10	24.50	25.90	25.20	25.20	25.10	0.50	0.80	0.00	0.00
100.20	24.40	25.70	25.00	25.00	25.00	0.20	1.00	0.00	0.00
100.30	24.40	25.70	25.00	25.00	25.00	-0.10	1.00	0.00	0.00
100.40	24.60	25.90	25.30	25.30	25.10	-0.10	1.00	0.00	0.00
100.50	24.60	25.90	25.30	25.30	25.10	0.00	1.40	0.00	0.00
100.60	24.60	25.90	25.20	25.20	25.10	0.50	1.30	0.00	0.00
100.70	24.50	25.90	25.20	25.20	25.10	0.20	0.80	0.00	0.00
100.80	24.50	25.90	25.20	25.20	25.10	-0.10	0.80	0.00	0.00
100.90	24.40	25.80	25.10	25.10	25.10	0.20	1.10	0.00	0.00
101.00	24.60	25.90	25.30	25.30	25.20	0.50	0.50	0.00	0.00
101.10	24.60	25.90	25.30	25.30	25.20	0.00	1.30	0.00	0.00
101.20	24.50	25.70	25.10	25.10	25.10	0.70	0.80	0.00	0.00
101.30	24.40	25.80	25.10	25.10	25.10	0.70	0.80	0.00	0.00
101.40	24.40	25.80	25.10	25.10	25.10	0.80	1.60	0.00	0.00
101.50	24.60	25.90	25.30	25.30	25.20	0.50	0.70	0.00	0.00
101.60	24.50	25.80	25.20	25.30	25.20	0.30	0.80	0.00	0.00
101.70	24.50	25.80	25.20	25.30	25.20	0.70	1.10	0.00	0.00
101.80	24.60	26.00	25.10	25.20	25.30	0.20	1.00	0.00	0.00
101.90	24.30	25.70	25.00	25.10	25.00	0.20	0.80	0.00	0.00
102.00	24.30	25.70	25.00	25.10	25.00	0.70	-0.30	0.00	0.00
102.10	24.60	25.80	25.10	25.10	25.10	0.30	0.80	0.00	0.00
102.20	24.60	25.80	25.10	25.10	25.10	0.30	0.80	0.00	0.00
102.30	24.60	25.90	25.30	25.30	25.10	0.20	1.10	0.00	0.00
102.40	24.40	25.80	25.00	25.20	25.00	0.20	1.30	0.00	0.00
102.50	24.40	25.80	25.00	25.20	25.00	0.00	0.70	0.00	0.00
102.60	24.50	25.80	25.20	25.20	25.10	0.80	1.00	0.00	0.00
102.70	24.50	25.80	25.20	25.20	25.10	-0.10	0.80	0.00	0.00
102.80	24.50	25.90	25.20	25.20	25.10	0.30	1.30	0.00	0.00
102.90	24.60	25.80	25.20	25.20	25.20	0.30	0.80	0.00	0.00
103.00	24.60	25.80	25.20	25.20	25.20	-0.10	1.00	0.00	0.00
103.10	24.60	25.80	25.10	25.20	25.10	0.50	1.70	0.00	0.00
103.20	24.60	25.80	25.20	25.20	25.20	0.50	1.70	0.00	0.00
103.30	24.60	25.80	25.20	25.20	25.20	0.00	1.10	0.00	0.00
103.40	24.50	25.80	25.10	25.10	25.20	0.30	1.10	0.00	0.00
103.50	24.50	25.70	25.10	25.10	25.10	0.50	0.80	0.00	0.00
103.60	24.50	25.70	25.10	25.10	25.10	0.00	1.10	0.00	0.00
103.70	24.50	25.70	25.10	25.20	25.20	0.50	0.70	0.00	0.00
103.80	24.60	25.80	25.20	25.30	25.30	0.20	1.10	0.00	0.00
103.90	24.60	25.80	25.20	25.30	25.30	0.30	1.30	0.00	0.00
104.00	24.50	25.80	25.20	25.20	25.20	0.30	1.30	0.00	0.00
104.10	24.50	25.80	25.20	25.20	25.20	0.30	1.30	0.00	0.00
104.20	24.50	25.90	25.20	25.20	25.30	0.80	0.50	0.00	0.00
104.30	24.60	25.80	25.20	25.20	25.20	-1.80	1.00	0.00	0.00
104.40	24.60	25.80	25.20	25.20	25.20	0.50	1.00	0.00	0.00
104.50	24.60	25.90	25.20	25.20	25.10	0.70	1.40	0.00	0.00
104.60	24.60	25.70	25.10	25.20	25.10	0.00	0.70	0.00	0.00
104.70	24.60	25.70	25.10	25.20	25.10	0.50	0.70	0.00	0.00
104.80	24.60	25.90	25.30	25.20	25.10	0.50	0.80	0.00	0.00
104.90	24.60	25.70	25.10	25.10	25.00	0.50	0.70	0.00	0.00
105.00	24.60	25.70	25.10	25.10	25.00	-0.90	1.00	0.00	0.00
105.10	24.60	25.80	25.20	25.30	25.10	-0.90	1.00	0.00	0.00
105.20	24.60	26.00	25.30	25.30	25.20	0.20	1.30	0.00	0.00
105.30	24.60	26.00	25.30	25.30	25.20	0.30	0.80	0.00	0.00
105.40	24.60	25.80	25.10	25.20	25.00	0.80	1.10	0.00	0.00
105.50	24.60	25.90	25.30	25.30	25.10	-0.30	1.30	0.00	0.00
105.60	24.60	25.90	25.30	25.30	25.10	0.20	1.00	0.00	0.00
105.70	24.70	25.80	25.20	25.20	25.10	0.00	1.00	0.00	0.00
105.80	24.70	25.80	25.20	25.20	25.20	0.50	1.00	0.00	0.00
105.90	24.70	25.80	25.20	25.20	25.20	0.20	0.80	0.00	0.00
106.00	24.50	25.70	25.20	25.20	25.10	0.70	0.70	0.00	0.00
106.10	24.60	25.80	25.20	25.20	25.10	0.70	0.70	0.00	0.00
106.20	24.60	25.80	25.20	25.20	25.10	0.30	0.70	0.00	0.00
106.30	24.70	25.80	25.20	25.30	25.20	0.70	0.70	0.00	0.00
106.40	24.50	25.80	25.20	25.30	25.20	-0.10	0.70	0.00	0.00
106.50	24.50	25.80	25.20	25.30	25.20	0.00	1.10	0.00	0.00
106.60	24.60	25.80	25.20	25.20	25.10	0.50	0.70	0.00	0.00
106.70	24.70	25.80	25.30	25.30	25.20	0.30	1.30	0.00	0.00
106.80	24.70	25.80	25.30	25.30	25.20	0.20	1.10	0.00	0.00
106.90	24.40	25.70	25.10	25.10	25.00	0.00	1.30	0.00	0.00
107.00	24.70	25.80	25.20	25.10	25.10	0.00	1.30	0.00	0.00
107.10	24.70	25.80	25.20	25.10	25.10	-0.10	1.00	0.00	0.00
107.20	24.60	25.90	25.10	25.20	25.10	0.20	0.70	0.00	0.00
107.30	24.70	25.90	25.30	25.30	25.10	0.30	0.70	0.00	0.00
107.40	24.70	25.90	25.30	25.30	25.10	0.00	1.00	0.00	0.00
107.50	24.70	25.70	25.10	25.20	25.10	0.00	1.10	0.00	0.00
107.60	24.50	25.80	25.10	25.10	25.00	0.00	0.80	0.00	0.00
107.70	24.50	25.80	25.10	25.10	25.00	0.50	0.70	0.00	0.00
107.80	24.60	25.80	25.20	25.20	25.10	0.70	0.80	0.00	0.00
107.90	24.60	25.80	25.20	25.20	25.10	0.70	0.80	0.00	0.00
108.00	24.50	25.80	25.20	25.20	25.10	0.70	0.80	0.00	0.00
108.10	24.50	25.60	25.10	25.10	25.00	0.00	1.10	0.00	0.00
108.20	24.50	25.60	25.10	25.10	25.00	0.50	1.10	0.00	0.00
108.30	24.80	25.90	25.20	25.40	25.30	0.20	0.80	0.00	0.00
108.40	24.70	25.80	25.10	25.30	25.00	0.30	0.80	0.00	0.00
108.50	24.70	25.80	25.10	25.30	25.00	0.20	-0.40	0.00	0.00
108.60	24.50	25.70	25.00	25.20	25.00	-1.30	0.80	0.00	0.00
