Ambient Temperature(C): 23.3
Ambient Pressure(in Hg): 29.5
Time(s)	T1(Deg C)	Wall Temp(Deg C)	Top Plate(Deg C)	Bottom Plate(Deg C)	P1(PSI)	P2(PSI)	Mass Flowrate(g/min)	Heater Energy (kJ)

0.00	27.80	27.50	27.00	24.70	0.50	1.60	0.00	0.00
0.10	27.50	27.50	27.00	24.70	0.00	1.40	0.00	0.00
0.20	27.50	27.50	27.00	24.70	0.50	1.00	0.00	0.00
0.30	27.50	27.50	27.00	24.60	0.00	1.60	0.00	0.00
0.40	27.60	27.50	27.00	24.70	0.20	1.40	0.00	0.00
0.50	27.60	27.50	27.00	24.70	0.20	0.50	0.00	0.00
0.60	27.70	27.60	27.10	24.80	1.00	1.30	0.00	0.00
0.70	27.70	27.60	27.10	24.80	0.20	1.40	0.00	0.00
0.80	27.70	27.60	27.10	24.80	0.70	1.40	0.00	0.00
0.90	27.50	27.50	27.00	24.60	0.70	1.40	0.00	0.00
1.00	27.60	27.50	27.00	24.80	0.40	1.00	0.00	0.00
1.10	27.60	27.50	27.00	24.80	0.00	1.40	0.00	0.00
1.20	27.70	27.70	27.10	24.90	0.40	1.30	0.00	0.00
1.30	27.60	27.60	27.00	24.70	0.40	1.40	0.00	0.00
1.40	27.60	27.60	27.00	24.70	0.40	1.30	0.00	0.00
1.50	27.70	27.60	27.10	24.70	-0.10	1.30	0.00	0.00
1.60	27.70	27.70	27.10	24.80	0.20	1.30	0.00	0.00
1.70	27.70	27.70	27.10	24.80	0.40	1.10	0.00	0.00
1.80	27.60	27.60	27.10	24.70	0.40	1.10	0.00	0.00
1.90	27.70	27.50	27.00	24.80	0.20	1.40	0.00	0.00
2.00	27.70	27.50	27.00	24.80	0.20	0.80	0.00	0.00
2.10	27.60	27.60	26.90	24.70	0.40	1.60	0.00	0.00
2.20	27.60	27.60	27.00	24.70	0.40	1.10	0.00	0.00
2.30	27.60	27.60	27.00	24.70	0.50	1.10	0.00	0.00
2.40	27.70	27.50	27.00	24.70	0.70	1.70	0.00	0.00
2.50	27.60	27.70	27.10	24.80	0.00	1.10	0.00	0.00
2.60	27.60	27.70	27.10	24.80	0.80	1.10	0.00	0.00
2.70	27.70	27.70	27.10	24.70	0.80	1.10	0.00	0.00
2.80	27.70	27.70	27.10	24.70	0.00	0.80	0.00	0.00
2.90	27.70	27.50	27.00	24.70	0.40	2.50	0.00	0.00
3.00	27.60	27.60	27.00	24.70	0.20	1.30	0.00	0.00
3.10	27.60	27.60	27.00	24.70	0.50	0.20	0.00	0.00
3.20	27.70	27.50	26.90	24.70	0.40	1.70	0.00	0.00
3.30	27.60	27.50	27.00	24.80	0.40	0.80	0.00	0.00
3.40	27.60	27.50	27.00	24.80	-0.10	1.40	0.00	0.00
3.50	27.70	27.60	27.10	24.70	0.40	1.40	0.00	0.00
3.60	27.60	27.50	27.00	24.80	0.40	1.40	0.00	0.00
3.70	27.60	27.50	27.00	24.80	0.40	1.30	0.00	0.00
3.80	27.70	27.60	27.10	24.70	0.20	1.00	0.00	0.00
3.90	27.60	27.50	27.00	24.70	0.40	1.10	0.00	0.00
4.00	27.60	27.50	27.00	24.70	0.20	1.30	0.00	0.00
4.10	27.70	27.60	27.00	24.70	0.20	1.30	0.00	0.00
4.20	27.50	27.50	27.00	24.80	0.40	1.10	0.00	0.00
4.30	27.50	27.50	27.00	24.80	0.40	1.10	0.00	0.00
4.40	27.70	27.70	27.10	24.80	0.00	1.30	0.00	0.00
4.50	27.70	27.70	27.00	24.70	0.00	1.30	0.00	0.00
4.60	27.70	27.70	27.00	24.70	0.20	1.40	0.00	0.00
4.70	27.60	27.60	27.00	24.70	0.40	1.40	0.00	0.00
4.80	27.60	27.50	27.00	24.60	0.40	1.40	0.00	0.00
4.90	27.60	27.50	27.00	24.60	0.20	1.10	0.00	0.00
5.00	27.50	27.40	27.00	24.70	0.50	1.10	0.00	0.00
5.10	27.50	27.50	27.00	24.60	0.50	1.40	0.00	0.00
5.20	27.50	27.50	27.00	24.60	0.20	1.70	0.00	0.00
5.30	27.50	27.60	27.00	24.70	0.20	1.40	0.00	0.00
5.40	27.50	27.60	27.00	24.70	0.20	1.40	0.00	0.00
5.50	27.50	27.60	27.00	24.70	0.20	1.40	0.00	0.00
5.60	27.60	27.50	27.00	24.60	0.00	1.70	0.00	0.00
5.70	27.60	27.50	27.00	24.60	-1.00	1.60	0.00	0.00
5.80	27.70	27.50	27.00	24.60	-0.10	1.40	0.00	0.00
5.90	27.70	27.40	27.10	24.70	-0.10	1.30	0.00	0.00
6.00	27.70	27.40	27.10	24.70	0.40	1.00	0.00	0.00
6.10	27.60	27.50	27.10	24.70	-0.10	1.30	0.00	0.00
6.20	27.70	27.60	27.10	24.70	0.00	1.60	0.00	0.00
6.30	27.70	27.60	27.10	24.70	0.00	1.60	0.00	0.00
6.40	27.70	27.50	27.00	24.70	0.00	1.60	0.00	0.00
6.50	27.60	27.60	27.00	24.70	0.20	1.30	0.00	0.00
6.60	27.60	27.60	27.00	24.70	0.00	1.10	0.00	0.00
6.70	27.60	27.50	27.00	24.70	0.20	1.70	0.00	0.00
6.80	27.60	27.50	27.10	24.80	-0.10	1.00	0.00	0.00
6.90	27.60	27.50	27.10	24.80	0.20	1.60	0.00	0.00
7.00	27.50	27.50	27.00	24.50	0.00	1.10	0.00	0.00
7.10	27.50	27.50	27.00	24.50	0.40	1.30	0.00	0.00
7.20	27.70	27.50	27.00	24.60	0.40	1.90	0.00	0.00
7.30	27.60	27.60	27.00	24.70	0.50	1.70	0.00	0.00
7.40	27.60	27.60	27.00	24.70	0.50	1.70	0.00	0.00
7.50	27.70	27.50	27.10	24.70	-0.10	1.30	0.00	0.00
7.60	27.70	27.50	27.10	24.70	0.40	1.60	0.00	0.00
7.70	27.60	27.60	27.10	24.80	0.00	1.40	0.00	0.00
7.80	27.70	27.50	27.10	24.70	-0.10	1.40	0.00	0.00
7.90	27.70	27.50	27.10	24.70	0.70	1.30	0.00	0.00
8.00	27.60	27.50	26.90	24.70	0.20	1.40	0.00	0.00
8.10	27.70	27.60	27.10	24.80	0.00	1.30	0.00	0.00
8.20	27.70	27.60	27.10	24.80	0.40	1.40	0.00	0.00
8.30	27.60	27.60	27.10	24.70	0.50	1.40	0.00	0.00
8.40	27.60	27.60	27.10	24.70	0.20	1.70	0.00	0.00
8.50	27.60	27.40	26.90	24.50	-0.10	0.80	0.00	0.00
8.60	27.60	27.60	27.00	24.50	0.40	1.10	0.00	0.00
8.70	27.60	27.60	27.00	24.50	0.40	1.10	0.00	0.00
8.80	27.60	27.70	27.00	24.70	1.30	1.10	0.00	0.00
8.90	27.70	27.60	27.10	24.80	0.20	1.00	0.00	0.00
9.00	27.70	27.60	27.10	24.80	0.20	1.10	0.00	0.00
9.10	27.40	27.50	26.90	24.60	0.70	1.40	0.00	0.00
9.20	27.60	27.40	26.90	24.60	0.50	1.60	0.00	0.00
9.30	27.60	27.40	26.90	24.60	0.50	1.60	0.00	0.00
9.40	27.50	27.40	27.00	24.70	0.50	1.60	0.00	0.00
9.50	27.50	27.50	26.90	24.60	0.00	1.40	0.00	0.00
9.60	27.50	27.50	26.90	24.60	0.20	1.40	0.00	0.00
9.70	27.70	27.60	27.10	24.70	-0.10	1.60	0.00	0.00
9.80	27.60	27.60	27.10	24.60	0.00	1.40	0.00	0.00
9.90	27.60	27.60	27.10	24.60	-0.10	1.30	0.00	0.00
10.00	27.70	27.60	27.00	24.80	0.50	1.40	0.00	0.00
10.10	27.70	27.60	27.00	24.80	0.00	1.00	0.00	0.00
10.20	27.60	27.40	27.10	24.70	0.00	0.50	0.00	0.00
10.30	27.60	27.60	27.00	24.70	0.00	0.50	0.00	0.00
10.40	27.60	27.60	27.00	24.70	0.00	1.10	0.00	0.00
10.50	27.70	27.60	26.90	24.60	0.00	1.90	0.00	0.00
10.60	27.70	27.60	26.90	24.60	-0.10	1.10	0.00	0.00
10.70	27.60	27.60	27.00	24.70	0.00	1.00	0.00	0.00
10.80	27.70	27.50	27.10	24.80	0.40	1.40	0.00	0.00
10.90	27.70	27.50	27.10	24.80	0.40	1.00	0.00	0.00
11.00	27.60	27.60	27.10	24.80	0.20	1.40	0.00	0.00
11.10	27.50	27.40	27.00	24.70	-0.30	1.30	0.00	0.00
11.20	27.50	27.40	27.00	24.70	0.20	1.10	0.00	0.00
11.30	27.60	27.60	27.10	24.70	0.20	1.10	0.00	0.00
11.40	27.30	27.40	26.90	24.60	1.00	1.10	0.00	0.00
11.50	27.30	27.40	26.90	24.60	0.20	1.30	0.00	0.00
11.60	27.60	27.50	27.00	24.60	0.20	1.30	0.00	0.00
11.70	27.60	27.50	27.00	24.60	0.70	-0.60	0.00	0.00
11.80	27.60	27.50	27.00	24.60	0.70	0.70	0.00	0.00
11.90	27.50	27.50	27.00	24.60	0.00	0.70	0.00	0.00
12.00	27.70	27.50	27.00	24.70	-0.30	1.10	0.00	0.00
12.10	27.70	27.50	27.00	24.70	0.00	1.30	0.00	0.00
12.20	27.60	27.60	27.10	24.70	0.00	1.30	0.00	0.00
12.30	27.40	27.60	27.10	24.70	0.50	1.40	0.00	0.00
12.40	27.40	27.60	27.10	24.70	1.00	1.40	0.00	0.00
12.50	27.60	27.50	27.00	24.60	0.20	1.40	0.00	0.00
12.60	27.60	27.50	27.00	24.60	0.00	1.30	0.00	0.00
12.70	27.50	27.50	27.00	24.70	0.20	1.40	0.00	0.00
12.80	25.80	27.70	27.10	24.70	3.00	2.00	0.00	0.00
12.90	25.80	27.70	27.10	24.70	3.10	2.50	0.00	0.00
13.00	28.10	27.50	26.90	24.60	2.70	1.90	0.00	0.00
13.10	28.80	27.50	27.10	24.80	2.80	1.60	0.00	0.00
13.20	28.80	27.50	27.10	24.80	2.80	1.60	0.00	0.00
13.30	28.90	27.50	27.00	24.70	3.10	2.00	0.00	0.00
13.40	28.90	27.50	27.00	24.70	2.50	2.00	0.00	0.00
13.50	29.10	27.60	27.10	24.90	3.00	0.40	0.00	0.00
13.60	29.00	27.60	27.20	24.70	2.50	1.90	0.00	0.00
13.70	29.00	27.60	27.20	24.70	2.80	1.90	0.00	0.00
13.80	28.80	27.40	27.00	24.70	2.70	1.70	0.00	0.00
13.90	28.60	27.50	27.00	24.70	2.50	2.00	0.00	0.00
14.00	28.60	27.50	27.00	24.70	2.50	2.20	0.00	0.00
14.10	28.60	27.60	27.00	24.70	2.50	2.20	0.00	0.00
14.20	28.40	27.50	27.00	24.50	2.70	2.00	0.00	0.00
14.30	28.40	27.50	27.00	24.50	2.70	3.00	0.00	0.00
14.40	28.30	27.40	26.90	24.70	2.20	1.90	0.00	0.00
14.50	28.20	27.50	27.00	24.70	2.50	2.00	0.00	0.00
14.60	28.20	27.50	27.00	24.70	2.50	1.90	0.00	0.00
14.70	28.40	27.40	27.10	24.60	2.50	2.00	0.00	0.00
14.80	28.30	27.50	27.10	24.70	2.70	1.40	0.00	0.00
14.90	28.30	27.50	27.10	24.70	2.00	1.90	0.00	0.00
15.00	28.20	27.50	27.10	24.70	2.70	2.00	0.00	0.00
15.10	28.20	27.70	27.10	24.80	2.70	2.00	0.00	0.00
15.20	28.20	27.70	27.10	24.80	2.40	1.90	0.00	0.00
15.30	28.10	27.60	27.00	24.70	2.40	1.90	0.00	0.00
15.40	28.10	27.50	27.00	24.70	3.30	1.30	0.00	0.00
15.50	28.10	27.50	27.00	24.70	3.10	1.70	0.00	0.00
15.60	27.90	27.40	27.00	24.50	2.00	2.00	0.00	0.00
15.70	27.90	27.60	27.00	24.80	2.50	2.50	0.00	0.00
15.80	27.90	27.60	27.00	24.80	2.80	1.90	0.00	0.00
15.90	28.00	27.60	27.10	24.70	3.00	1.60	0.00	0.00
16.00	28.00	27.60	27.10	24.70	3.00	1.60	0.00	0.00
16.10	27.80	27.50	26.90	24.60	2.70	1.90	0.00	0.00
16.20	28.00	27.50	27.10	24.80	2.80	2.20	0.00	0.00
16.30	28.00	27.50	27.10	24.80	2.40	1.90	0.00	0.00
16.40	28.00	27.50	27.00	24.70	2.50	2.00	0.00	0.00
16.50	27.90	27.50	27.00	24.70	3.30	1.70	0.00	0.00
16.60	27.90	27.50	27.00	24.70	2.50	2.00	0.00	0.00
16.70	28.00	27.60	27.10	24.80	2.40	2.00	0.00	0.00
16.80	27.90	27.60	27.00	24.60	2.00	1.60	0.00	0.00
16.90	27.90	27.60	27.00	24.60	2.00	1.60	0.00	0.00
17.00	27.80	27.60	27.00	24.80	2.40	2.40	0.00	0.00
17.10	27.80	27.60	27.00	24.80	2.50	2.20	0.00	0.00
17.20	27.90	27.50	26.90	24.70	2.50	2.20	0.00	0.00
17.30	27.80	27.40	26.90	24.60	2.80	2.20	0.00	0.00
17.40	27.80	27.40	26.90	24.60	2.40	1.70	0.00	0.00
17.50	27.90	27.60	27.00	24.60	2.50	1.70	0.00	0.00
17.60	27.90	27.50	27.10	24.70	2.50	2.20	0.00	0.00
17.70	27.80	27.70	27.10	24.70	2.50	1.70	0.00	0.00
17.80	27.80	27.70	27.10	24.70	2.50	1.70	0.00	0.00
17.90	27.80	27.50	27.00	24.70	2.40	2.20	0.00	0.00
18.00	27.90	27.60	27.00	24.70	2.50	1.70	0.00	0.00
18.10	27.90	27.60	27.00	24.70	2.50	2.20	0.00	0.00
18.20	27.80	27.50	27.20	24.80	2.50	2.00	0.00	0.00
18.30	27.80	27.60	27.10	24.80	2.50	1.90	0.00	0.00
18.40	27.80	27.60	27.10	24.80	2.40	1.60	0.00	0.00
18.50	27.70	27.40	27.00	24.70	3.60	1.60	0.00	0.00
18.60	27.70	27.40	27.00	24.70	1.70	2.00	0.00	0.00
18.70	27.80	27.50	27.00	24.70	1.70	2.00	0.00	0.00
18.80	27.70	27.60	27.10	24.70	2.50	1.90	0.00	0.00
18.90	27.70	27.60	27.10	24.70	2.40	1.90	0.00	0.00
19.00	27.70	27.50	26.90	24.90	2.40	1.70	0.00	0.00
19.10	27.60	27.50	27.00	24.70	3.30	2.20	0.00	0.00
19.20	27.60	27.50	27.00	24.70	2.70	2.00	0.00	0.00
19.30	27.90	27.60	27.10	24.90	2.40	1.90	0.00	0.00
19.40	27.70	27.50	26.90	24.80	2.50	1.90	0.00	0.00
19.50	27.70	27.50	26.90	24.80	2.40	2.40	0.00	0.00
19.60	27.70	27.50	27.00	24.70	2.50	2.20	0.00	0.00
19.70	27.80	27.60	27.10	24.80	2.50	2.20	0.00	0.00
19.80	27.80	27.60	27.10	24.80	2.70	2.20	0.00	0.00
19.90	27.80	27.50	27.10	24.60	2.40	1.90	0.00	0.00
20.00	27.70	27.50	27.10	24.70	2.40	2.00	0.00	0.00
20.10	27.70	27.50	27.10	24.70	2.40	2.00	0.00	0.00
20.20	27.80	27.60	27.00	24.80	2.40	2.00	0.00	0.00
20.30	27.80	27.60	27.00	24.80	2.80	1.90	0.00	0.00
20.40	27.80	27.60	27.10	24.70	2.70	1.70	0.00	0.00
20.50	27.70	27.40	27.00	24.70	2.70	1.90	0.00	0.00
20.60	27.70	27.40	27.00	24.70	2.70	2.00	0.00	0.00
20.70	27.80	27.50	27.10	24.80	2.20	1.70	0.00	0.00
20.80	27.70	27.50	27.00	24.70	2.80	2.00	-0.01	0.00
20.90	27.70	27.50	27.00	24.70	2.40	2.20	-0.01	0.00
21.00	27.80	27.50	27.00	24.70	2.80	1.60	0.00	0.00
21.10	27.80	27.50	27.10	24.80	2.70	2.40	0.00	0.00
21.20	27.80	27.50	27.10	24.80	2.40	2.40	0.00	0.00
21.30	27.80	27.50	26.90	24.70	2.50	1.70	0.51	0.00
21.40	27.90	27.60	27.10	24.80	2.50	1.70	2.82	0.00
21.50	27.90	27.60	27.10	24.80	2.40	2.00	6.00	0.00
21.60	27.80	27.70	27.10	24.70	2.40	2.20	9.09	0.00
21.70	27.80	27.70	27.10	24.70	2.40	1.70	11.54	0.00
21.80	27.90	27.70	27.10	24.80	3.00	2.00	13.27	0.00
21.90	28.00	27.50	27.00	24.60	2.50	2.20	14.24	0.00
22.00	28.00	27.50	27.00	24.60	3.10	1.90	14.68	0.00
22.10	27.90	27.50	27.00	24.70	3.00	1.70	15.04	0.00
22.20	28.10	27.60	27.10	24.70	2.40	1.70	15.53	0.00
22.30	28.10	27.60	27.10	24.70	3.30	1.70	16.37	0.00
22.40	28.00	27.50	27.00	24.80	3.30	1.70	17.26	0.00
22.50	28.00	27.50	27.00	24.80	3.10	1.90	17.83	0.00
22.60	28.00	27.30	27.00	24.70	2.80	2.00	18.38	0.00
22.70	28.20	27.60	27.00	24.70	3.10	1.60	19.09	0.00
22.80	28.20	27.60	27.00	24.70	3.00	2.00	20.10	0.00
22.90	28.10	27.50	26.90	24.60	2.80	1.70	21.30	0.00
23.00	28.30	27.40	27.00	24.70	3.10	2.00	22.60	0.00
23.10	28.30	27.40	27.00	24.70	3.30	2.20	23.87	0.00
23.20	28.30	27.60	27.00	24.70	3.30	1.90	24.76	0.00
23.30	28.40	27.60	27.10	24.90	3.30	1.90	25.50	0.00
23.40	28.40	27.60	27.10	24.90	3.60	2.00	26.32	0.00
23.50	28.50	27.50	27.00	24.80	4.00	1.90	26.97	0.00
23.60	28.60	27.60	27.00	24.70	3.90	1.60	27.69	0.00
23.70	28.60	27.60	27.00	24.70	3.90	1.70	28.72	0.00
23.80	28.60	27.50	26.90	24.60	3.70	1.90	29.85	0.00
23.90	28.60	27.50	26.90	24.60	3.70	1.90	31.14	0.00
24.00	28.80	27.50	27.00	24.80	3.60	1.90	32.05	0.00
24.10	28.70	27.50	26.90	24.60	4.20	1.70	32.64	0.00
24.20	28.70	27.50	26.90	24.60	4.20	1.70	33.90	0.00
24.30	28.90	27.40	27.00	24.70	4.50	2.00	35.43	0.00
24.40	29.10	27.70	27.10	24.80	4.50	1.90	36.67	0.00
24.50	29.10	27.70	27.10	24.80	4.50	2.00	37.77	0.00
24.60	28.90	27.50	27.00	24.70	4.70	2.20	38.81	0.00
24.70	28.90	27.40	27.00	24.80	4.40	1.60	39.70	0.00
24.80	28.90	27.40	27.00	24.80	5.30	1.10	40.67	0.00
24.90	29.10	27.60	27.00	24.70	5.00	1.70	41.55	0.00
25.00	29.20	27.50	27.00	24.60	5.30	1.60	42.39	0.00
25.10	29.20	27.50	27.00	24.60	5.10	2.20	43.43	0.00
25.20	29.30	27.60	27.00	24.80	5.10	2.20	44.34	0.00
25.30	29.30	27.60	27.00	24.80	5.30	2.00	44.92	0.00
25.40	29.40	27.40	27.10	24.70	5.10	1.60	45.12	0.00
25.50	29.40	27.60	27.10	24.70	5.40	1.90	45.02	0.00
25.60	29.40	27.60	27.10	24.70	5.30	1.90	44.94	0.00
25.70	29.30	27.60	27.00	24.80	5.70	2.00	45.75	0.00
25.80	29.40	27.40	27.00	24.60	5.40	1.90	47.76	0.00
25.90	29.40	27.40	27.00	24.60	5.60	1.60	48.79	0.00
26.00	29.60	27.40	26.90	24.70	6.20	2.00	49.76	0.00
26.10	29.60	27.40	26.90	24.70	6.20	2.00	50.40	0.00
26.20	29.60	27.70	27.00	24.80	6.40	1.90	50.53	0.00
26.30	29.70	27.60	27.10	24.80	6.50	2.00	50.51	0.00
26.40	29.70	27.60	27.10	24.80	6.40	2.00	50.43	0.00
26.50	29.70	27.40	27.00	24.60	6.70	1.70	50.34	0.00
26.60	29.80	27.60	27.10	24.60	6.20	1.90	50.31	0.00
26.70	29.80	27.60	27.10	24.60	7.00	2.20	50.30	0.00
26.80	30.00	27.60	27.10	24.80	7.60	1.90	50.17	0.00
26.90	29.90	27.60	27.10	24.80	7.00	1.70	50.17	0.00
27.00	29.90	27.60	27.10	24.80	6.80	1.90	50.06	0.00
27.10	29.90	27.50	27.00	24.70	6.80	1.90	50.04	0.00
27.20	30.00	27.50	27.00	24.80	7.30	1.60	49.99	0.00
27.30	30.00	27.50	27.00	24.80	7.10	1.60	49.92	0.00
27.40	30.10	27.50	27.00	24.70	7.30	2.40	49.82	0.00
27.50	30.20	27.40	26.90	24.70	7.10	1.90	49.74	0.00
27.60	30.20	27.40	26.90	24.70	8.00	3.10	49.74	0.00
27.70	30.20	27.50	27.00	24.70	7.70	1.90	49.68	0.00
27.80	30.10	27.60	27.00	24.70	8.00	1.90	49.62	0.00
27.90	30.10	27.60	27.00	24.70	8.00	2.20	49.62	0.00
28.00	29.90	27.50	26.90	24.70	7.90	1.90	49.54	0.00
28.10	30.20	27.40	26.90	24.70	7.90	1.90	49.53	0.00
28.20	30.20	27.40	26.90	24.70	8.70	1.70	49.51	0.00
28.30	30.20	27.50	27.00	24.60	8.40	1.70	49.48	0.00
28.40	30.30	27.70	27.00	24.80	8.50	1.70	49.41	0.00
28.50	30.30	27.70	27.00	24.80	8.50	2.20	49.44	0.00
28.60	30.30	27.40	26.90	24.70	8.50	2.00	49.42	0.00
28.70	30.30	27.40	26.90	24.70	9.10	2.00	49.37	0.00
28.80	30.30	27.40	26.90	24.60	9.10	1.60	50.30	0.00
28.90	30.40	27.60	27.00	24.80	9.40	1.60	50.72	0.00
29.00	30.40	27.60	27.00	24.80	9.40	1.60	50.66	0.00
29.10	30.40	27.60	27.10	24.70	9.90	1.70	50.62	0.00
29.20	30.30	27.50	27.00	24.60	9.40	2.20	50.58	0.00
29.30	30.30	27.50	27.00	24.60	9.40	2.20	50.56	0.00
29.40	30.40	27.50	27.00	24.80	10.10	1.60	50.49	0.00
29.50	30.40	27.50	27.00	24.80	10.10	2.00	50.44	0.00
29.60	30.50	27.50	27.00	24.60	10.20	1.70	50.37	0.00
29.70	30.50	27.50	27.00	24.80	10.10	1.40	50.36	0.00
29.80	30.50	27.50	27.00	24.80	9.70	2.00	50.34	0.00
29.90	30.40	27.50	27.00	24.80	9.70	2.00	50.32	0.00
30.00	30.50	27.50	27.00	24.60	10.50	1.70	50.27	0.00
30.10	30.50	27.50	27.00	24.60	9.90	1.70	50.28	0.00
30.20	30.60	27.50	27.00	24.70	10.20	1.70	50.20	0.00
30.30	30.50	27.50	27.10	24.70	10.80	1.90	50.17	0.00
30.40	30.50	27.50	27.10	24.70	10.70	2.40	50.17	0.00
30.50	30.60	27.60	27.20	24.70	10.80	1.70	50.15	0.00
30.60	30.60	27.50	27.10	24.80	10.80	1.90	50.05	0.00
30.70	30.60	27.50	27.10	24.80	11.00	2.00	50.06	0.00
30.80	30.60	27.50	27.00	24.70	11.00	2.00	50.00	0.00
30.90	30.70	27.50	27.00	24.80	11.00	2.00	49.98	0.00
31.00	30.70	27.50	27.00	24.80	11.30	1.70	49.98	0.00
31.10	30.50	27.40	26.90	24.60	11.30	1.60	49.95	0.00
31.20	30.50	27.40	26.90	24.60	11.70	1.70	49.87	0.00
31.30	30.70	27.50	27.10	24.90	11.70	1.70	49.85	0.00
31.40	30.60	27.60	27.10	24.80	11.60	1.90	49.85	0.00
31.50	30.60	27.60	27.10	24.80	11.70	1.90	49.79	0.00
31.60	30.70	27.60	27.20	24.90	12.40	1.60	49.82	0.00
31.70	30.70	27.50	26.90	24.70	12.10	2.00	49.79	0.00
31.80	30.70	27.50	26.90	24.70	12.20	1.70	49.78	0.00
31.90	30.80	27.60	27.10	24.70	12.20	1.70	49.69	0.00
32.00	30.70	27.60	27.00	24.70	12.20	1.70	49.70	0.00
32.10	30.70	27.60	27.00	24.70	12.50	2.20	49.65	0.00
32.20	30.70	27.60	27.00	24.70	12.80	1.90	49.68	0.00
32.30	30.70	27.50	27.00	24.70	12.40	2.20	49.62	0.00
32.40	30.70	27.50	27.00	24.70	12.50	1.90	49.65	0.00
32.50	30.70	27.50	27.00	24.60	12.40	2.20	49.59	0.00
32.60	30.80	27.40	27.00	24.70	13.10	1.90	49.56	0.00
32.70	30.80	27.40	27.00	24.70	13.00	2.00	49.55	0.00
32.80	30.70	27.50	27.10	24.70	13.00	2.00	49.49	0.00
32.90	30.70	27.50	27.10	24.70	13.60	1.60	49.48	0.00
33.00	30.70	27.40	26.90	24.60	13.40	2.00	49.48	0.00
33.10	30.70	27.40	26.90	24.60	13.60	1.40	49.47	0.00
33.20	30.70	27.50	27.10	24.60	13.70	2.00	49.42	0.00
33.30	30.90	27.50	27.00	24.70	13.60	1.90	49.40	0.00
33.40	30.90	27.50	27.00	24.70	14.10	2.00	49.89	0.00
33.50	30.80	27.40	27.00	24.70	13.60	1.90	50.64	0.00
33.60	30.80	27.50	27.00	24.70	14.40	1.90	50.79	0.00
33.70	30.80	27.50	27.00	24.70	14.20	2.40	50.66	0.00
33.80	30.80	27.60	26.90	24.70	14.20	2.40	50.66	0.00
33.90	30.80	27.40	27.00	24.60	14.40	2.20	50.63	0.00
34.00	30.80	27.40	27.00	24.60	14.80	1.00	50.57	0.00
34.10	30.70	27.50	27.10	24.70	14.40	2.00	50.50	0.00
34.20	30.80	27.60	27.10	24.70	14.70	2.00	50.50	0.00
34.30	30.80	27.60	27.10	24.70	15.30	2.20	50.46	0.00
34.40	30.90	27.50	27.00	24.70	15.30	2.50	50.44	0.00
34.50	30.70	27.50	27.00	24.70	15.00	2.00	50.45	0.00
34.60	30.70	27.50	27.00	24.70	15.30	1.90	50.38	0.00
34.70	30.90	27.50	27.10	24.70	15.30	1.90	50.33	0.00
34.80	30.90	27.60	27.00	24.80	15.00	1.90	50.32	0.00
34.90	30.90	27.60	27.00	24.80	15.40	1.70	50.30	0.00
35.00	30.90	27.40	27.00	24.70	15.60	2.00	50.26	0.00
35.10	30.90	27.60	27.10	24.80	15.90	1.60	50.23	0.00
35.20	30.90	27.60	27.10	24.80	14.10	2.20	50.27	0.00
35.30	30.90	27.40	27.00	24.80	16.50	2.00	50.18	0.00
35.40	30.90	27.40	27.00	24.80	15.90	1.90	50.17	0.00
35.50	30.90	27.50	26.90	24.60	16.10	1.70	50.17	0.00
35.60	31.00	27.60	27.00	24.70	16.10	1.70	50.13	0.00
35.70	31.00	27.60	27.00	24.70	16.70	1.70	50.07	0.00
35.80	31.00	27.60	27.00	24.80	16.50	1.90	50.10	0.00
35.90	31.00	27.60	27.00	24.80	17.00	2.00	50.01	0.00
36.00	30.90	27.40	27.00	24.70	16.50	1.70	49.94	0.00
36.10	31.00	27.40	27.00	24.70	17.00	1.90	49.94	0.00
36.20	31.00	27.40	27.00	24.70	17.00	1.60	49.93	0.00
36.30	31.00	27.50	27.10	24.60	17.00	1.60	49.91	0.00
36.40	31.00	27.50	27.10	24.60	17.00	1.70	49.85	0.00
36.50	31.00	27.50	27.00	24.70	17.40	2.70	49.85	0.00
36.60	31.00	27.50	27.00	24.70	17.40	2.70	49.80	0.00
36.70	31.00	27.50	27.00	24.70	17.00	1.90	49.76	0.00
36.80	31.00	27.50	27.00	24.70	17.80	1.90	49.70	0.00
36.90	31.00	27.50	27.00	24.60	17.80	1.70	49.72	0.00
37.00	31.00	27.50	27.00	24.60	17.80	1.90	49.66	0.00
37.10	30.90	27.50	26.90	24.70	18.20	1.90	49.70	0.00
37.20	31.10	27.50	27.00	24.80	17.80	1.70	49.63	0.00
37.30	31.10	27.50	27.00	24.80	18.20	1.40	49.59	0.00
37.40	31.10	27.50	27.00	24.70	18.10	2.00	49.61	0.00
37.50	31.10	27.50	27.00	24.70	18.20	2.20	49.59	0.00
37.60	31.00	27.50	27.00	24.90	18.20	2.20	49.54	0.00
37.70	31.10	27.40	27.00	24.70	18.50	1.70	49.55	0.00
37.80	31.10	27.40	27.00	24.70	18.80	1.70	49.55	0.00
37.90	31.00	27.60	27.10	24.70	18.70	1.90	49.49	0.00
38.00	31.10	27.50	27.00	24.70	19.30	2.20	49.48	0.00
38.10	31.10	27.50	27.00	24.70	19.30	2.00	49.49	0.00
38.20	31.00	27.40	27.00	24.60	19.30	1.70	49.44	0.00
38.30	31.10	27.40	26.90	24.60	19.60	2.00	49.40	0.00
38.40	31.10	27.40	26.90	24.60	19.80	1.70	49.47	0.00
38.50	31.20	27.40	27.10	24.70	19.80	1.70	49.38	0.00
38.60	31.10	27.50	27.00	24.60	19.80	1.70	49.41	0.00
38.70	31.10	27.50	27.00	24.60	19.40	1.60	49.38	0.00
38.80	31.20	27.50	27.00	24.60	19.60	1.90	49.37	0.00
38.90	31.20	27.50	27.10	24.80	19.90	1.70	49.31	0.00
39.00	31.20	27.50	27.10	24.80	20.20	1.40	49.30	0.00
39.10	31.10	27.50	27.10	24.90	19.90	1.40	50.00	0.00
39.20	31.20	27.50	27.00	24.70	19.90	1.70	50.85	0.00
39.30	31.20	27.50	27.00	24.70	20.80	1.70	51.03	0.00
39.40	31.20	27.50	27.00	24.70	20.40	2.20	51.07	0.00
39.50	31.20	27.50	27.00	24.70	20.40	2.20	50.99	0.00
39.60	31.20	27.40	27.00	24.60	21.10	1.70	50.98	0.00
39.70	31.30	27.60	27.10	24.80	20.50	2.40	50.92	0.00
39.80	31.30	27.60	27.10	24.80	21.60	1.70	50.91	0.00
39.90	31.20	27.50	27.10	24.80	20.80	1.90	50.86	0.00
40.00	31.20	27.40	27.00	24.70	21.10	2.00	50.86	0.00
40.10	31.20	27.40	27.00	24.70	21.10	2.00	50.76	0.00
40.20	31.10	27.40	26.90	24.60	21.40	1.90	50.77	0.00
40.30	31.20	27.50	27.10	24.80	21.10	2.00	50.77	0.00
40.40	31.20	27.50	27.10	24.80	21.10	2.00	50.69	0.00
40.50	31.20	27.40	27.00	24.70	21.60	1.60	50.70	0.00
40.60	31.20	27.40	27.00	24.70	21.60	1.90	50.64	0.00
40.70	31.30	27.50	27.00	24.70	21.80	1.70	50.60	0.00
40.80	31.30	27.50	27.00	24.80	22.10	1.90	50.54	0.00
40.90	31.30	27.50	27.00	24.80	22.20	1.30	50.59	0.00
41.00	31.40	27.40	26.90	24.50	22.70	1.70	50.45	0.00
41.10	31.30	27.50	27.00	24.60	22.20	1.60	50.41	0.00
41.20	31.30	27.50	27.00	24.60	22.40	1.70	50.43	0.00
41.30	31.20	27.50	27.00	24.70	22.40	1.70	50.39	0.00
41.40	31.30	27.50	27.10	24.70	22.50	1.70	50.33	0.00
41.50	31.30	27.50	27.10	24.70	22.70	1.70	50.31	0.00
41.60	31.30	27.50	27.10	24.70	23.00	2.00	50.27	0.00
41.70	31.30	27.60	27.20	24.70	23.00	2.20	50.26	0.00
41.80	31.30	27.60	27.20	24.70	23.30	1.90	50.19	0.00
41.90	31.40	27.50	27.10	24.80	23.10	2.40	50.23	0.00
42.00	31.40	27.50	27.00	24.70	22.70	2.20	50.14	0.00
42.10	31.40	27.50	27.00	24.70	23.40	2.20	50.11	0.00
42.20	31.40	27.60	27.10	24.70	23.60	1.70	50.06	0.00
42.30	31.40	27.60	27.10	24.70	23.60	1.70	50.08	0.00
42.40	31.30	27.50	27.00	24.80	23.30	1.90	50.07	0.00
42.50	31.20	27.50	27.00	24.50	23.60	1.90	50.00	0.00
42.60	31.20	27.50	27.00	24.50	23.80	2.20	49.96	0.00
42.70	31.40	27.50	27.00	24.70	24.10	1.60	49.89	0.00
42.80	31.50	27.60	27.20	24.80	24.20	1.10	49.93	0.00
42.90	31.50	27.60	27.20	24.80	24.10	1.60	49.86	0.00
43.00	31.50	27.60	27.10	24.80	24.50	1.40	49.81	0.00
43.10	31.40	27.60	27.10	24.80	24.20	2.00	49.76	0.00
43.20	31.40	27.60	27.10	24.80	24.20	2.00	49.74	0.00
43.30	31.30	27.50	27.00	24.80	24.50	1.90	49.69	0.00
43.40	31.30	27.50	27.00	24.80	24.80	2.00	49.69	0.00
43.50	31.40	27.40	27.10	24.70	25.40	1.70	49.67	0.00
43.60	31.40	27.50	27.00	24.70	25.00	1.90	49.56	0.00
43.70	31.50	27.60	27.20	24.90	25.10	2.00	49.56	0.00
43.80	31.50	27.60	27.20	24.90	25.30	2.00	49.49	0.00
43.90	31.20	27.30	26.90	24.50	25.40	1.70	49.55	0.00
44.00	31.40	27.50	27.10	24.80	25.10	2.40	49.46	0.00
44.10	31.40	27.50	27.10	24.80	25.10	2.40	49.44	0.00
44.20	31.30	27.50	26.90	24.60	25.30	1.90	49.41	0.00
44.30	31.30	27.50	26.90	24.60	25.60	1.60	49.40	0.00
44.40	31.30	27.50	27.00	24.70	25.90	1.60	49.41	0.00
44.50	31.30	27.30	26.90	24.60	26.10	1.90	49.38	0.00
44.60	31.30	27.30	26.90	24.60	26.20	1.90	49.29	0.00
44.70	31.30	27.50	27.00	24.70	25.90	2.20	49.33	0.00
44.80	31.40	27.50	27.10	24.80	26.20	2.00	49.30	0.00
44.90	31.40	27.50	27.10	24.80	26.70	2.20	49.25	0.00
45.00	31.40	27.40	27.00	24.70	26.20	1.70	49.29	0.00
45.10	31.40	27.40	27.00	24.70	26.80	1.40	49.24	0.00
45.20	31.40	27.50	27.10	24.80	26.40	1.70	49.23	0.00
45.30	31.40	27.40	26.90	24.70	26.70	1.90	49.27	0.00
45.40	31.40	27.40	26.90	24.70	27.10	2.00	49.17	0.00
45.50	31.40	27.40	27.00	24.70	27.10	1.70	49.22	0.00
45.60	31.40	27.40	27.00	24.70	27.30	2.20	49.14	0.00
45.70	31.40	27.40	27.00	24.70	27.30	1.70	49.18	0.00
45.80	31.50	27.50	27.10	24.80	27.50	2.00	49.16	0.00
45.90	31.40	27.60	27.20	24.80	27.50	1.90	49.11	0.00
46.00	31.40	27.60	27.20	24.80	27.50	1.90	49.09	0.00
46.10	31.40	27.50	27.00	24.80	27.30	1.90	49.14	0.00
46.20	31.40	27.50	27.00	24.80	27.90	1.70	49.88	0.00
46.30	31.50	27.50	27.10	24.70	27.80	1.90	50.82	0.00
46.40	31.50	27.50	27.00	24.80	27.80	1.60	51.20	0.00
46.50	31.50	27.50	27.00	24.80	27.80	1.90	51.31	0.00
46.60	31.50	27.40	27.00	24.70	28.20	2.20	51.23	0.00
46.70	31.40	27.40	27.00	24.90	28.10	1.90	51.21	0.00
46.80	31.40	27.40	27.00	24.90	28.50	1.90	51.17	0.00
46.90	31.20	27.30	27.00	24.70	28.50	1.90	51.09	0.00
47.00	31.20	27.30	27.00	24.70	28.70	1.90	51.07	0.00
47.10	31.50	27.40	27.00	24.60	29.00	1.90	50.96	0.00
47.20	31.50	27.50	27.00	24.60	28.70	2.00	50.96	0.00
47.30	31.50	27.50	27.00	24.80	29.10	2.00	50.97	0.00
47.40	31.50	27.50	27.00	24.80	28.80	1.70	50.91	0.00
47.50	31.50	27.40	27.00	24.70	29.50	1.60	50.86	0.00
47.60	31.50	27.60	27.10	24.70	28.50	1.70	50.78	0.00
47.70	31.50	27.60	27.10	24.70	29.10	2.00	50.76	0.00
47.80	31.60	27.40	27.00	24.70	29.60	1.70	50.71	0.00
47.90	31.60	27.40	27.00	24.70	29.60	1.70	50.66	0.00
48.00	31.60	27.60	27.20	24.80	29.50	1.60	50.63	0.00
48.10	31.60	27.50	27.00	24.90	29.80	1.70	50.56	0.00
48.20	31.60	27.50	27.00	24.90	30.10	1.90	50.53	0.00
48.30	31.70	27.50	27.10	24.90	29.90	1.90	50.51	0.00
48.40	31.50	27.50	27.00	24.70	29.80	2.20	50.46	0.00
48.50	31.50	27.50	27.00	24.70	30.40	2.40	50.44	0.00
48.60	31.50	27.50	27.00	24.60	30.40	1.90	50.43	0.00
48.70	31.60	27.50	27.00	24.70	30.70	1.60	50.31	0.00
48.80	31.60	27.50	27.00	24.70	30.70	1.60	50.31	0.00
48.90	31.50	27.40	26.90	24.60	31.10	1.90	50.32	0.00
49.00	31.50	27.40	26.90	24.60	30.50	1.90	50.19	0.00
49.10	31.50	27.50	27.00	24.70	30.80	1.90	50.18	0.00
49.20	31.50	27.50	27.00	24.70	31.00	2.00	50.10	0.00
49.30	31.60	27.40	27.00	24.80	32.10	1.40	50.04	0.00
49.40	31.60	27.40	27.00	24.80	31.60	1.40	50.04	0.00
49.50	31.60	27.40	27.00	24.80	31.30	1.90	50.02	0.00
49.60	31.60	27.50	27.10	24.70	31.80	1.60	50.02	0.00
49.70	31.50	27.50	27.10	24.70	31.80	1.70	49.93	0.00
49.80	31.50	27.50	27.10	24.70	31.80	1.70	49.93	0.00
49.90	31.70	27.50	27.10	24.80	32.10	1.90	49.88	0.00
50.00	31.50	27.40	27.00	24.60	31.50	1.90	49.78	0.00
50.10	31.50	27.40	27.00	24.60	32.40	1.40	49.82	0.00
50.20	31.60	27.40	27.00	24.70	32.20	1.60	49.79	0.00
50.30	31.60	27.50	27.00	24.80	32.40	1.90	49.72	0.00
50.40	31.60	27.50	27.00	24.80	32.70	1.60	49.78	0.00
50.50	31.60	27.40	27.00	24.60	32.70	1.90	49.68	0.00
50.60	31.50	27.40	27.00	24.70	33.00	2.20	49.62	0.00
50.70	31.50	27.40	27.00	24.70	33.00	2.20	49.65	0.00
50.80	31.50	27.40	27.00	24.70	31.50	2.40	49.60	0.00
50.90	31.50	27.40	27.00	24.70	32.70	1.90	49.51	0.00
51.00	31.50	27.60	27.10	24.80	32.70	2.40	49.55	0.00
51.10	31.50	27.40	27.00	24.70	33.30	1.70	49.48	0.00
51.20	31.50	27.40	27.00	24.70	32.80	2.20	49.47	0.00
51.30	31.70	27.60	27.10	24.80	33.00	1.70	49.48	0.00
51.40	31.70	27.50	27.10	24.60	33.10	1.90	49.37	0.00
51.50	31.70	27.50	27.10	24.60	33.60	2.00	49.36	0.00
51.60	31.50	27.40	27.00	24.70	33.30	1.70	49.35	0.00
51.70	31.50	27.40	27.00	24.70	33.30	1.70	49.31	0.00
51.80	31.50	27.50	27.00	24.80	33.90	2.00	49.29	0.00
51.90	31.50	27.40	27.00	24.80	34.20	1.60	49.21	0.00
52.00	31.50	27.40	27.00	24.80	34.10	1.40	49.21	0.00
52.10	31.60	27.40	27.10	24.70	33.90	1.90	49.24	0.00
52.20	31.50	27.50	27.00	24.70	34.10	2.00	49.14	0.00
52.30	31.50	27.50	27.00	24.70	34.40	1.60	49.09	0.00
52.40	31.60	27.50	27.00	24.70	33.90	1.60	49.08	0.00
52.50	31.50	27.50	27.00	24.60	34.10	1.70	49.06	0.00
52.60	31.50	27.50	27.00	24.60	33.90	2.00	49.05	0.00
52.70	31.60	27.40	26.90	24.60	33.90	2.00	49.01	0.00
52.80	31.60	27.40	26.90	24.60	35.20	1.90	49.08	0.00
52.90	31.60	27.40	27.10	24.90	35.00	1.70	48.92	0.00
53.00	31.60	27.50	27.10	24.80	35.20	1.70	48.93	0.00
53.10	31.60	27.50	27.10	24.80	35.00	2.50	49.01	0.00
53.20	31.60	27.50	27.10	24.80	34.80	1.70	49.09	0.00
53.30	31.70	27.50	27.10	24.80	34.80	1.70	49.42	0.00
53.40	31.70	27.50	27.10	24.80	35.60	2.00	49.43	0.00
53.50	31.60	27.50	27.10	24.70	35.50	1.90	50.07	0.00
53.60	31.60	27.50	27.00	24.70	35.50	1.90	51.16	0.00
53.70	31.60	27.50	27.00	24.70	35.50	1.90	52.11	0.00
53.80	31.60	27.50	27.00	24.70	35.50	1.90	52.33	0.00
53.90	31.60	27.50	27.00	24.70	36.10	2.00	52.21	0.00
54.00	31.70	27.50	27.10	24.70	36.50	1.60	52.16	0.00
54.10	31.60	27.50	27.20	24.80	36.40	2.00	52.12	0.00
54.20	31.60	27.50	27.20	24.80	36.40	2.20	52.04	0.00
54.30	31.50	27.50	27.10	24.70	36.50	1.70	51.97	0.00
54.40	31.60	27.50	27.00	24.70	36.50	2.00	51.91	0.00
54.50	31.60	27.50	27.00	24.70	36.50	1.90	51.81	0.00
54.60	31.60	27.50	27.10	24.70	36.80	1.90	51.74	0.00
54.70	31.60	27.50	27.10	24.70	36.80	1.90	51.66	0.00
54.80	31.60	27.40	27.00	24.70	37.20	2.40	51.50	0.00
54.90	31.60	27.30	27.00	24.70	37.20	2.00	51.46	0.00
55.00	31.60	27.30	27.00	24.70	37.20	2.20	50.21	0.00
55.10	31.60	27.40	26.90	24.70	37.50	1.90	49.80	0.00
55.20	31.60	27.40	26.90	24.70	37.60	1.90	49.72	0.00
55.30	31.70	27.50	27.10	24.80	37.50	1.60	49.69	0.00
55.40	31.60	27.50	27.10	24.80	37.60	2.20	49.73	0.00
55.50	31.60	27.50	27.10	24.80	37.90	1.90	49.65	0.00
55.60	31.60	27.50	27.00	24.70	38.10	1.30	49.66	0.00
55.70	31.60	27.40	27.10	24.60	38.10	1.30	49.56	0.00
55.80	31.60	27.40	27.10	24.60	38.50	1.70	49.49	0.00
55.90	31.50	27.40	26.90	24.60	38.20	2.00	49.55	0.00
56.00	31.60	27.50	27.10	24.80	38.70	0.00	49.40	0.00
56.10	31.60	27.50	27.10	24.80	38.40	2.00	49.35	0.00
56.20	31.70	27.50	27.00	24.80	38.50	2.70	49.42	0.00
56.30	31.50	27.30	26.90	24.70	38.40	1.60	49.27	0.00
56.40	31.50	27.30	26.90	24.70	38.50	1.70	49.29	0.00
56.50	31.60	27.40	27.00	24.70	39.20	1.90	49.23	0.00
56.60	31.60	27.40	27.00	24.70	39.20	1.90	49.20	0.00
56.70	31.60	27.50	27.00	24.70	38.70	1.90	49.18	0.00
56.80	31.70	27.50	27.00	24.70	39.00	1.60	49.16	0.00
56.90	31.70	27.50	27.00	24.70	39.20	2.00	49.08	0.00
57.00	31.50	27.20	26.90	24.50	39.00	1.60	49.12	0.00
57.10	31.50	27.40	26.90	24.60	38.80	1.90	49.08	0.00
57.20	31.50	27.40	26.90	24.60	39.50	1.90	48.98	0.00
57.30	31.50	27.40	27.10	24.70	39.80	1.70	48.91	0.00
57.40	31.50	27.40	27.00	24.70	39.50	1.60	48.90	0.00
57.50	31.50	27.40	27.00	24.70	39.80	1.90	48.83	0.00
57.60	31.50	27.50	27.00	24.80	39.80	1.90	48.85	0.00
57.70	31.50	27.50	27.00	24.80	39.80	1.70	48.92	0.00
57.80	31.60	27.50	27.00	24.70	40.40	1.40	49.83	0.00
57.90	31.60	27.50	27.00	24.70	40.10	1.60	50.33	0.00
58.00	31.60	27.40	27.00	24.70	40.50	2.50	50.72	0.00
58.10	31.70	27.50	27.00	24.80	40.40	2.00	50.66	0.00
58.20	31.70	27.50	27.00	24.80	40.20	2.20	50.56	0.00
58.30	31.70	27.40	27.10	24.70	40.40	2.00	50.47	0.00
58.40	31.70	27.40	27.00	24.80	41.00	1.90	50.47	0.00
58.50	31.70	27.40	27.00	24.80	40.80	1.60	50.47	0.00
58.60	31.60	27.50	27.10	24.60	40.80	1.60	50.36	0.00
58.70	31.80	27.50	27.10	24.80	41.20	2.00	50.39	0.00
58.80	31.80	27.50	27.10	24.80	41.20	1.90	50.26	0.00
58.90	31.70	27.50	27.10	24.80	41.60	2.70	50.23	0.00
59.00	31.70	27.50	27.10	24.80	41.80	-0.10	50.19	0.00
59.10	31.70	27.40	27.10	24.70	41.60	1.60	50.08	0.00
59.20	31.60	27.40	27.00	24.70	41.20	1.90	50.08	0.00
59.30	31.60	27.40	27.00	24.70	41.80	1.40	50.02	0.00
59.40	31.60	27.30	27.10	24.70	42.10	2.00	49.98	0.00
59.50	31.60	27.50	27.10	24.60	42.10	2.00	49.86	0.00
59.60	31.60	27.50	27.10	24.60	42.10	1.70	49.74	0.00
59.70	31.50	27.40	27.00	24.80	41.90	1.90	49.86	0.00
59.80	31.60	27.50	27.10	24.80	42.40	2.40	49.72	0.00
59.90	31.60	27.50	27.10	24.80	42.20	1.70	49.63	0.00
60.00	31.60	27.50	27.00	24.60	42.50	1.30	49.67	0.00
60.10	31.60	27.40	27.10	24.80	42.50	1.70	49.56	0.00
60.20	31.60	27.40	27.10	24.80	42.80	1.90	49.49	0.00
60.30	31.50	27.50	27.10	24.70	42.80	1.70	49.60	0.00
60.40	31.50	27.30	26.90	24.60	42.70	1.60	49.54	0.00
60.50	31.50	27.30	26.90	24.60	42.70	1.60	49.44	0.00
60.60	31.70	27.50	27.00	24.80	43.00	1.40	49.38	0.00
60.70	31.60	27.50	27.00	24.80	43.60	1.90	49.40	0.00
60.80	31.60	27.50	27.00	24.80	43.50	2.00	49.30	0.00
60.90	31.70	27.60	27.10	24.80	43.50	1.90	49.25	0.00
61.00	31.60	27.40	27.00	24.70	43.30	2.00	49.18	0.00
61.10	31.60	27.40	27.00	24.70	43.80	1.40	49.09	0.00
61.20	31.60	27.40	27.00	24.70	43.80	2.00	49.70	0.00
61.30	31.60	27.60	27.20	24.90	43.80	1.70	50.86	0.00
61.40	31.60	27.60	27.20	24.90	43.80	1.70	51.02	0.00
61.50	31.60	27.40	27.10	24.70	44.40	1.60	50.96	0.00
61.60	31.50	27.30	27.00	24.70	44.10	1.60	50.96	0.00
61.70	31.50	27.30	27.00	24.70	44.50	2.00	50.83	0.00
61.80	31.60	27.30	27.10	24.80	44.20	2.00	50.77	0.00
61.90	31.60	27.30	27.00	24.70	44.50	2.00	50.60	0.00
62.00	31.60	27.30	27.00	24.70	44.10	1.70	50.57	0.00
62.10	31.60	27.40	27.00	24.70	44.50	1.90	50.46	0.00
62.20	31.60	27.50	27.10	24.80	43.60	2.50	50.50	0.00
62.30	31.60	27.50	27.10	24.80	43.60	2.50	50.33	0.00
62.40	31.60	27.40	27.10	24.70	45.30	1.60	50.34	0.00
62.50	31.60	27.40	27.10	24.70	45.00	1.90	50.26	0.00
62.60	31.60	27.40	27.10	24.70	45.00	1.90	50.14	0.00
62.70	31.70	27.50	27.10	24.80	45.30	1.70	50.12	0.00
62.80	31.70	27.50	27.10	24.80	46.20	1.70	50.06	0.00
62.90	31.60	27.50	27.10	24.80	45.50	1.90	50.01	0.00
63.00	31.50	27.40	26.90	24.70	43.60	2.00	50.04	0.00
63.10	31.50	27.40	26.90	24.70	45.90	1.40	49.92	0.00
63.20	31.60	27.40	27.10	24.70	45.90	1.40	49.78	0.00
63.30	31.60	27.40	27.10	24.70	46.20	1.90	49.72	0.00
63.40	31.60	27.40	27.10	24.70	46.40	0.70	49.62	0.00
63.50	31.50	27.40	27.20	24.70	44.50	1.70	49.59	0.00
63.60	31.50	27.40	27.20	24.70	46.20	1.90	49.59	0.00
63.70	31.70	27.40	27.00	24.80	46.40	1.90	49.51	0.00
63.80	31.60	27.40	27.10	24.80	46.40	1.90	49.38	0.00
63.90	31.60	27.40	27.10	24.80	46.90	1.60	49.31	0.00
64.00	31.60	27.50	27.00	24.80	47.00	1.60	49.30	0.00
64.10	31.60	27.40	27.00	24.70	47.00	2.20	49.21	0.00
64.20	31.60	27.40	27.00	24.70	47.00	2.20	49.21	0.00
64.30	31.60	27.50	27.10	24.70	47.00	2.00	49.15	0.00
64.40	31.60	27.50	27.10	24.70	46.90	2.00	49.12	0.00
64.50	31.60	27.50	27.10	24.70	47.50	1.90	48.98	0.00
64.60	31.50	27.30	26.90	24.60	47.60	2.40	48.97	0.00
64.70	31.50	27.30	26.90	24.60	47.20	1.70	49.91	0.00
64.80	31.60	27.40	27.10	24.70	47.30	1.40	50.84	0.00
64.90	31.60	27.40	27.10	24.80	48.10	2.00	50.86	0.00
65.00	31.60	27.40	27.10	24.80	47.90	2.00	50.76	0.00
65.10	31.50	27.40	27.00	24.70	47.90	2.00	50.59	0.00
65.20	31.50	27.40	27.00	24.70	48.10	2.00	50.54	0.00
65.30	31.50	27.20	27.00	24.50	48.40	1.90	50.50	0.00
65.40	31.70	27.30	27.10	24.80	48.10	1.60	50.43	0.00
65.50	31.70	27.30	27.10	24.80	48.70	1.70	50.41	0.00
65.60	31.60	27.50	27.10	24.80	48.50	1.70	50.30	0.00
65.70	31.50	27.40	27.00	24.70	48.50	-0.10	50.20	0.00
65.80	31.50	27.40	27.00	24.70	48.90	2.00	50.20	0.00
65.90	31.50	27.40	27.00	24.70	48.90	2.00	50.14	0.00
66.00	31.40	27.30	27.10	24.60	48.90	2.00	50.02	0.00
66.10	31.40	27.30	27.10	24.60	49.20	2.00	49.95	0.00
66.20	31.50	27.30	27.20	24.70	49.50	1.70	49.88	0.00
66.30	31.50	27.30	27.20	24.70	49.00	2.00	49.86	0.00
66.40	31.60	27.40	27.10	24.80	48.40	1.90	49.70	0.00
66.50	31.60	27.40	27.00	24.80	49.80	2.00	49.70	0.00
66.60	31.60	27.40	27.00	24.80	49.50	1.70	49.62	0.00
66.70	31.70	27.50	27.10	24.90	49.80	1.90	49.51	0.00
66.80	31.70	27.50	27.10	24.90	50.10	1.90	49.44	0.00
66.90	31.60	27.40	27.10	24.70	49.60	1.60	49.40	0.00
67.00	31.50	27.50	27.00	24.80	49.60	1.60	49.34	0.00
67.10	31.50	27.50	27.00	24.80	50.10	2.00	49.28	0.00
67.20	31.60	27.40	27.10	24.70	49.80	2.00	49.29	0.00
67.30	31.40	27.40	27.10	24.70	50.40	2.20	49.27	0.00
67.40	31.40	27.40	27.10	24.70	50.70	2.20	49.17	0.00
67.50	31.60	27.40	27.10	24.90	50.70	1.40	50.53	0.00
67.60	31.50	27.30	27.00	24.70	50.20	2.20	50.89	0.00
67.70	31.50	27.30	27.00	24.70	50.90	1.90	50.70	0.00
67.80	31.60	27.40	27.10	24.70	51.00	1.90	50.54	0.00
67.90	31.50	27.30	27.00	24.70	51.00	1.90	50.51	0.00
68.00	31.50	27.30	27.00	24.70	51.20	1.90	50.46	0.00
68.10	31.50	27.30	27.10	24.70	51.00	2.00	50.33	0.00
68.20	31.50	27.30	27.10	24.70	51.50	2.00	50.27	0.00
68.30	31.50	27.30	27.10	24.70	51.30	1.70	50.14	0.00
68.40	31.50	27.40	27.10	24.70	51.30	1.90	50.10	0.00
68.50	31.50	27.40	27.10	24.70	51.60	1.90	49.99	0.00
68.60	31.60	27.40	27.00	24.70	51.30	2.00	49.83	0.00
68.70	31.60	27.40	27.00	24.80	51.90	2.00	49.83	0.00
68.80	31.60	27.40	27.00	24.80	51.90	2.00	49.83	0.00
68.90	31.40	27.40	27.10	24.70	51.80	1.90	49.62	0.00
69.00	31.50	27.40	27.00	24.60	52.40	2.20	49.61	0.00
69.10	31.50	27.40	27.00	24.60	52.90	2.00	49.47	0.00
69.20	31.50	27.40	27.20	24.80	52.50	1.70	49.46	0.00
69.30	31.60	27.40	27.10	24.70	52.40	1.90	49.27	0.00
69.40	31.60	27.40	27.10	24.70	52.50	1.90	49.33	0.00
69.50	31.70	27.50	27.10	24.80	52.90	2.00	49.20	0.00
69.60	31.70	27.50	27.10	24.80	53.20	1.70	49.15	0.00
69.70	31.60	27.40	27.10	24.70	53.20	1.70	50.56	0.00
69.80	31.60	27.40	27.00	24.70	53.20	1.90	50.89	0.00
69.90	31.60	27.40	27.00	24.70	53.00	1.70	50.78	0.00
70.00	31.50	27.40	27.00	24.60	53.90	1.90	50.64	0.00
70.10	31.50	27.40	27.00	24.60	53.30	1.60	50.49	0.00
70.20	31.50	27.40	27.10	24.60	53.30	2.50	50.38	0.00
70.30	31.60	27.50	27.10	24.70	53.20	1.70	50.25	0.00
70.40	31.60	27.50	27.10	24.70	53.60	1.70	50.15	0.00
70.50	31.50	27.30	27.10	24.60	54.20	2.40	50.13	0.00
70.60	31.50	27.40	27.00	24.80	53.90	2.00	50.01	0.00
70.70	31.50	27.40	27.00	24.80	53.90	2.00	50.02	0.00
70.80	31.50	27.40	27.00	24.70	53.90	2.00	49.82	0.00
70.90	31.50	27.40	27.00	24.70	51.90	2.00	49.74	0.00
71.00	31.60	27.40	27.10	24.80	54.40	1.70	49.73	0.00
71.10	31.60	27.40	27.10	24.80	54.60	1.90	49.48	0.00
71.20	31.60	27.30	27.00	24.70	54.60	2.20	49.50	0.00
71.30	31.70	27.50	27.10	24.80	54.60	2.00	49.36	0.00
71.40	31.70	27.50	27.10	24.80	53.30	2.00	49.29	0.00
71.50	31.50	27.30	27.00	24.70	54.70	2.00	49.14	0.00
71.60	31.60	27.50	27.10	24.70	54.90	1.90	49.10	0.00
71.70	31.60	27.50	27.10	24.70	54.90	1.90	49.05	0.00
71.80	31.40	27.40	27.10	24.70	54.90	2.00	48.90	0.00
71.90	31.70	27.70	27.20	24.80	55.00	1.90	48.89	0.00
72.00	31.70	27.70	27.20	24.80	55.50	1.90	50.44	0.00
72.10	31.50	27.30	27.00	24.70	55.60	1.70	50.86	0.00
72.20	31.50	27.30	27.00	24.70	55.50	1.70	50.94	0.00
72.30	31.50	27.40	27.10	24.70	55.20	2.00	50.72	0.00
72.40	31.50	27.40	27.10	24.80	55.80	1.70	50.53	0.00
72.50	31.50	27.40	27.10	24.80	55.90	2.00	50.44	0.00
72.60	31.50	27.40	27.00	24.70	55.90	2.00	50.26	0.00
72.70	31.50	27.40	27.00	24.70	55.80	2.00	50.26	0.00
72.80	31.60	27.40	27.10	24.70	56.20	1.70	50.13	0.00
72.90	31.60	27.30	27.10	24.70	56.20	1.70	49.94	0.00
73.00	31.60	27.30	27.10	24.70	56.10	1.70	49.94	0.00
73.10	31.50	27.40	27.00	24.70	56.70	2.00	49.85	0.00
73.20	31.50	27.40	27.00	24.70	56.40	1.90	49.68	0.00
73.30	31.50	27.40	27.00	24.70	57.00	1.90	49.50	0.00
73.40	31.60	27.50	27.00	24.90	56.60	2.00	49.49	0.00
73.50	31.60	27.40	27.10	24.80	56.60	2.00	49.41	0.00
73.60	31.60	27.40	27.10	24.80	56.70	1.90	49.34	0.00
73.70	31.50	27.40	27.10	24.80	57.00	1.60	49.28	0.00
73.80	31.40	27.40	27.10	24.70	57.20	2.00	49.17	0.00
73.90	31.40	27.40	27.10	24.70	57.50	1.90	48.98	0.00
74.00	31.50	27.50	27.10	24.80	57.50	2.00	49.22	0.00
74.10	31.50	27.50	27.10	24.80	57.50	1.60	50.51	0.00
74.20	31.60	27.40	27.10	24.80	57.80	1.60	50.85	0.00
74.30	31.50	27.50	27.20	24.80	57.80	1.70	50.64	0.00
74.40	31.50	27.50	27.20	24.80	57.90	1.70	50.54	0.00
74.50	31.60	27.50	27.10	24.80	57.90	1.70	50.40	0.00
74.60	31.30	27.40	27.00	24.70	58.10	1.70	50.31	0.00
74.70	31.30	27.40	27.00	24.70	58.20	2.00	50.13	0.00
74.80	31.50	27.40	27.00	24.70	58.10	1.90	50.01	0.00
74.90	31.40	27.40	27.00	24.80	58.40	1.70	49.93	0.00
75.00	31.40	27.40	27.00	24.80	58.40	1.90	49.83	0.00
75.10	31.50	27.30	27.10	24.70	58.40	1.70	49.70	0.00
75.20	31.30	27.30	26.90	24.60	58.60	2.40	49.62	0.00
75.30	31.30	27.30	26.90	24.60	58.60	1.70	49.48	0.00
75.40	31.40	27.40	27.10	24.80	58.60	1.70	49.34	0.00
75.50	31.50	27.40	27.10	24.70	58.70	1.60	49.28	0.00
75.60	31.50	27.40	27.10	24.70	59.50	1.70	49.21	0.00
75.70	31.40	27.40	27.00	24.70	59.20	1.90	50.39	0.00
75.80	31.40	27.40	27.00	24.70	59.00	1.90	50.49	0.00
75.90	31.50	27.60	27.20	24.80	59.30	1.60	50.36	0.00
76.00	31.50	27.30	27.20	24.70	59.50	2.00	50.17	0.00
76.10	31.50	27.30	27.20	24.70	59.80	2.20	50.08	0.00
76.20	31.40	27.40	27.10	24.80	59.60	1.60	49.93	0.00
76.30	31.40	27.40	27.10	24.80	59.80	1.00	49.76	0.00
76.40	31.40	27.40	27.10	24.80	59.80	1.00	49.67	0.00
76.50	31.50	27.40	27.00	24.70	60.10	1.60	49.56	0.00
76.60	31.40	27.40	27.10	24.70	59.90	1.90	49.38	0.00
76.70	31.40	27.40	27.10	24.70	60.20	2.20	50.27	0.00
76.80	31.50	27.30	27.00	24.80	60.20	1.60	50.89	0.00
76.90	31.40	27.40	27.10	24.80	60.70	1.90	50.94	0.00
77.00	31.40	27.40	27.10	24.80	60.60	1.70	50.85	0.00
77.10	31.50	27.40	27.00	24.70	60.20	2.00	50.62	0.00
77.20	31.40	27.40	27.10	24.70	60.90	2.00	50.44	0.00
77.30	31.40	27.40	27.10	24.70	61.30	2.00	50.41	0.00
77.40	31.50	27.50	27.10	24.90	61.30	2.00	50.15	0.00
77.50	31.50	27.50	27.10	24.90	61.20	1.70	50.02	0.00
77.60	31.40	27.50	27.10	24.70	61.20	2.20	49.87	0.00
77.70	31.40	27.50	27.10	24.80	61.80	1.90	49.75	0.00
77.80	31.40	27.50	27.10	24.80	61.60	2.00	49.66	0.00
77.90	31.50	27.50	27.00	24.80	61.60	2.40	49.46	0.00
78.00	31.50	27.50	27.00	24.70	61.90	3.30	49.30	0.00
78.10	31.50	27.50	27.00	24.70	62.30	2.20	49.09	0.00
78.20	31.50	27.30	27.00	24.80	61.90	1.90	49.03	0.00
78.30	31.60	27.50	27.10	24.70	61.90	1.90	48.86	0.00
78.40	31.60	27.50	27.10	24.70	61.60	1.60	49.44	0.00
78.50	31.50	27.40	27.00	24.70	62.30	1.90	50.46	0.00
78.60	31.50	27.40	27.00	24.70	62.40	1.70	50.71	0.00
78.70	31.50	27.30	27.10	24.80	62.40	1.30	50.60	0.00
78.80	31.30	27.30	27.00	24.70	61.90	1.90	50.39	0.00
78.90	31.30	27.30	27.00	24.70	62.60	1.90	50.20	0.00
79.00	31.50	27.50	27.10	24.80	62.60	2.20	49.99	0.00
79.10	31.40	27.30	27.10	24.80	63.00	1.90	49.79	0.00
79.20	31.40	27.30	27.10	24.80	62.40	1.30	49.75	0.00
79.30	31.50	27.50	27.10	24.80	62.40	1.30	49.59	0.00
79.40	31.30	27.30	27.00	24.70	62.70	1.10	49.41	0.00
79.50	31.30	27.30	27.00	24.70	63.00	1.40	49.20	0.00
79.60	31.30	27.30	27.10	24.70	63.00	2.00	49.31	0.00
79.70	31.30	27.30	27.10	24.70	62.40	1.70	50.49	0.00
79.80	31.40	27.50	27.10	24.70	63.50	1.90	50.83	0.00
79.90	31.50	27.40	27.00	24.80	63.60	1.70	50.78	0.00
80.00	31.50	27.40	27.00	24.80	63.90	1.60	50.60	0.00
80.10	31.40	27.50	27.10	24.70	63.80	1.90	50.33	0.00
80.20	31.40	27.40	27.10	24.90	63.80	1.90	50.17	0.00
80.30	31.40	27.40	27.10	24.90	63.80	1.90	49.95	0.00
80.40	31.40	27.30	27.10	24.80	64.30	2.00	49.79	0.00
80.50	31.40	27.30	27.10	24.80	64.40	2.20	49.61	0.00
80.60	31.50	27.40	27.00	24.60	64.40	2.00	49.38	0.00
80.70	31.40	27.30	27.10	24.70	64.30	1.70	49.28	0.00
80.80	31.40	27.30	27.10	24.70	64.60	1.70	49.10	0.00
80.90	31.50	27.50	27.20	24.70	64.70	1.60	49.69	0.00
81.00	31.40	27.40	27.10	24.80	65.00	2.00	50.66	0.00
81.10	31.40	27.40	27.10	24.80	64.60	1.90	50.76	0.00
81.20	31.30	27.40	27.00	24.70	64.60	1.90	50.52	0.00
81.30	31.30	27.30	27.00	24.70	65.00	1.90	50.30	0.00
81.40	31.30	27.30	27.00	24.70	65.20	1.90	50.23	0.00
81.50	31.40	27.40	27.10	24.60	65.30	1.90	49.91	0.00
81.60	31.40	27.30	27.00	24.70	65.20	1.90	49.76	0.00
81.70	31.40	27.30	27.00	24.70	65.60	2.00	49.48	0.00
81.80	31.30	27.40	27.10	24.80	65.60	2.20	49.38	0.00
81.90	31.30	27.40	27.10	24.80	65.80	1.90	49.11	0.00
82.00	31.40	27.30	27.00	24.80	65.60	1.60	48.93	0.00
82.10	31.40	27.40	27.20	24.80	65.60	1.60	48.89	0.00
82.20	31.40	27.40	27.20	24.80	66.10	1.60	50.05	0.00
82.30	31.50	27.50	27.20	24.80	66.10	2.00	50.59	0.00
82.40	31.30	27.40	27.10	24.70	66.30	1.70	50.81	0.00
82.50	31.30	27.40	27.10	24.70	66.60	1.70	50.75	0.00
82.60	31.40	27.40	27.10	24.70	66.60	1.40	50.34	0.00
82.70	31.40	27.40	27.10	24.70	66.70	2.00	50.17	0.00
82.80	31.50	27.50	27.20	24.80	67.00	1.60	49.85	0.00
82.90	31.30	27.40	27.10	24.70	66.90	2.00	49.70	0.00
83.00	31.30	27.40	27.10	24.70	67.00	1.70	49.50	0.00
83.10	31.40	27.50	27.00	24.80	67.00	1.70	49.14	0.00
83.20	31.30	27.40	27.10	24.80	66.90	1.70	49.04	0.00
83.30	31.30	27.40	27.10	24.80	67.30	1.00	48.99	0.00
83.40	31.40	27.40	27.10	24.70	67.30	1.70	49.89	0.00
83.50	31.30	27.50	27.00	24.80	67.50	2.00	50.37	0.00
83.60	31.30	27.50	27.00	24.80	67.60	1.90	50.19	0.00
83.70	31.30	27.40	27.10	24.80	67.30	1.70	49.93	0.00
83.80	31.30	27.30	27.10	24.60	67.60	1.70	49.74	0.00
83.90	31.30	27.30	27.10	24.60	67.80	2.50	49.55	0.00
84.00	31.50	27.50	27.20	24.80	67.80	2.50	50.01	0.00
84.10	31.20	27.30	27.10	24.80	67.80	1.70	50.10	0.00
84.20	31.20	27.30	27.10	24.80	67.90	2.20	50.19	0.00
84.30	31.30	27.30	27.00	24.80	68.30	1.40	50.21	0.00
84.40	31.30	27.40	27.00	24.80	68.30	1.90	49.80	0.00
84.50	31.30	27.40	27.00	24.80	68.40	2.20	49.61	0.00
84.60	31.20	27.30	27.00	24.70	68.70	1.40	49.43	0.00
84.70	31.30	27.30	27.20	24.70	69.00	2.20	49.98	0.00
84.80	31.30	27.30	27.20	24.70	68.90	2.00	50.57	0.00
84.90	31.40	27.40	27.10	24.80	68.90	2.00	50.66	0.00
85.00	31.40	27.40	27.10	24.70	69.20	1.60	50.23	0.00
85.10	31.40	27.40	27.10	24.70	69.00	2.20	49.83	0.00
85.20	31.30	27.40	27.10	24.70	69.50	-0.40	49.63	0.00
85.30	31.40	27.50	27.20	24.80	69.00	1.90	49.36	0.00
85.40	31.40	27.50	27.20	24.80	69.20	1.70	49.41	0.00
85.50	31.20	27.20	27.00	24.70	69.20	1.90	49.28	0.00
85.60	31.20	27.20	27.00	24.70	69.60	1.90	49.73	0.00
85.70	31.30	27.30	27.10	24.80	69.60	1.90	50.07	0.00
85.80	31.30	27.40	27.20	24.80	69.60	1.90	50.17	0.00
85.90	31.30	27.40	27.20	24.80	70.10	1.90	50.08	0.00
86.00	31.40	27.40	27.00	24.60	70.30	2.50	50.08	0.00
86.10	31.40	27.40	27.10	24.70	70.30	2.20	49.81	0.00
86.20	31.40	27.40	27.10	24.80	70.30	1.70	50.04	0.00
86.30	31.40	27.40	27.10	24.80	70.10	1.90	49.87	0.00
86.40	31.20	27.30	27.00	24.70	70.40	1.70	49.93	0.00
86.50	31.20	27.30	27.00	24.70	70.30	1.70	49.85	0.00
86.60	31.30	27.40	27.00	24.80	70.60	1.70	47.35	0.00
86.70	31.20	27.30	27.00	24.70	70.60	1.70	41.06	0.00
86.80	31.20	27.30	27.00	24.70	70.40	2.00	15.74	0.00
86.90	31.10	27.30	27.10	24.80	70.90	1.90	9.29	0.00
87.00	31.00	27.50	27.10	24.80	70.30	1.60	6.51	0.00
87.10	31.00	27.50	27.10	24.80	70.40	1.40	4.74	0.00
87.20	30.90	27.40	27.00	24.80	71.20	1.90	3.66	0.00
87.30	30.80	27.40	27.00	24.70	70.60	2.00	2.92	0.00
87.40	30.80	27.40	27.00	24.70	70.60	1.60	2.47	0.00
87.50	30.80	27.40	27.00	24.70	70.10	1.70	2.10	0.00
87.60	30.80	27.50	27.10	24.80	70.10	1.70	1.82	0.00
87.70	30.80	27.50	27.10	24.80	70.40	2.20	1.67	0.00
87.80	30.90	27.50	27.00	24.70	71.00	1.30	1.47	0.00
87.90	30.70	27.50	27.20	24.80	69.80	1.70	1.35	0.00
88.00	30.70	27.50	27.20	24.80	70.10	1.90	1.20	0.00
88.10	30.60	27.40	27.10	24.90	69.90	1.70	1.10	0.00
88.20	30.50	27.40	27.10	24.80	70.30	1.60	0.99	0.00
88.30	30.50	27.40	27.10	24.80	69.90	1.90	0.92	0.00
88.40	30.50	27.40	27.10	24.70	69.90	2.50	0.88	0.00
88.50	30.50	27.40	27.10	24.70	70.10	1.90	0.75	0.00
88.60	30.50	27.30	27.10	24.80	70.10	1.90	0.77	0.00
88.70	30.40	27.40	27.00	24.70	69.80	2.00	0.72	0.00
88.80	30.40	27.40	27.00	24.70	69.20	2.00	0.64	0.00
88.90	30.40	27.50	27.20	24.90	70.10	2.80	0.59	0.00
89.00	30.30	27.30	27.00	24.80	69.90	1.90	0.57	0.00
89.10	30.30	27.30	27.00	24.80	69.60	1.90	0.59	0.00
89.20	30.20	27.30	27.00	24.80	70.10	2.40	0.54	0.00
89.30	30.20	27.40	27.10	24.80	69.90	2.40	0.47	0.00
89.40	30.20	27.40	27.10	24.80	69.90	2.00	0.47	0.00
89.50	30.40	27.50	27.20	24.80	69.90	2.00	0.50	0.00
89.60	30.40	27.50	27.20	24.80	69.60	2.40	0.45	0.00
89.70	30.10	27.40	27.10	24.70	69.80	1.60	0.43	0.00
89.80	30.20	27.40	27.00	24.70	70.10	1.90	0.43	0.00
89.90	30.20	27.40	27.00	24.70	69.80	1.90	0.43	0.00
90.00	30.20	27.50	27.20	24.80	69.90	1.60	0.38	0.00
90.10	30.00	27.50	27.10	24.80	70.30	1.90	0.36	0.00
90.20	30.00	27.50	27.10	24.80	70.10	1.70	0.34	0.00
90.30	30.10	27.50	27.20	24.80	69.90	2.20	0.32	0.00
90.40	30.00	27.60	27.10	24.80	69.90	2.20	0.32	0.00
90.50	30.00	27.60	27.10	24.80	69.60	1.90	0.30	0.00
90.60	30.00	27.50	27.10	24.90	70.30	1.70	0.32	0.00
90.70	30.00	27.50	27.10	24.90	69.60	1.90	0.34	0.00
90.80	30.10	27.50	27.00	24.80	69.80	1.70	0.30	0.00
90.90	30.00	27.30	27.00	24.60	69.90	1.70	0.27	0.00
91.00	30.00	27.30	27.00	24.60	69.60	1.70	0.25	0.00
91.10	30.00	27.30	27.10	24.80	69.50	1.90	0.25	0.00
91.20	29.90	27.40	27.00	24.70	69.50	2.00	0.20	0.00
91.30	29.90	27.40	27.00	24.70	69.80	1.90	0.25	0.00
91.40	29.80	27.20	27.00	24.70	69.80	1.90	0.22	0.00
91.50	29.70	27.40	27.10	24.70	70.10	1.40	0.22	0.00
91.60	29.70	27.40	27.10	24.70	70.10	1.90	0.22	0.00
91.70	30.00	27.50	27.10	24.70	69.80	1.60	0.27	0.00
91.80	29.90	27.40	27.10	24.80	69.90	2.50	0.22	0.00
91.90	29.90	27.40	27.10	24.80	70.10	2.20	0.22	0.00
92.00	29.90	27.60	27.10	24.90	69.80	2.00	0.20	0.00
92.10	29.90	27.60	27.10	24.90	70.30	1.70	0.22	0.00
92.20	29.70	27.40	27.00	24.80	69.80	1.70	0.22	0.00
92.30	29.80	27.40	27.10	24.80	69.80	2.40	0.22	0.00
92.40	29.80	27.40	27.10	24.80	69.80	2.40	0.20	0.00
92.50	29.80	27.60	27.10	24.70	69.80	2.00	0.20	0.00
92.60	29.60	27.40	27.00	24.70	69.80	1.70	0.22	0.00
92.70	29.60	27.40	27.00	24.70	69.80	2.00	0.20	0.00
92.80	29.80	27.60	27.20	24.90	70.30	1.40	0.22	0.00
92.90	29.70	27.40	27.10	24.70	69.90	1.70	0.27	0.00
93.00	29.70	27.40	27.10	24.70	69.80	2.00	0.20	0.00
93.10	29.70	27.40	27.10	24.70	69.60	2.00	0.20	0.00
93.20	29.70	27.40	27.10	24.70	69.60	1.70	0.18	0.00
93.30	29.70	27.40	27.10	24.70	69.60	1.70	0.20	0.00
93.40	29.70	27.30	27.00	24.70	69.90	1.70	0.15	0.00
93.50	29.60	27.40	27.00	24.80	69.80	2.00	0.20	0.00
93.60	29.60	27.40	27.00	24.80	69.50	2.00	0.20	0.00
93.70	29.60	27.40	27.00	24.70	69.80	1.60	0.14	0.00
93.80	29.60	27.40	27.10	24.70	70.10	1.70	0.20	0.00
93.90	29.60	27.40	27.10	24.70	69.90	2.20	0.15	0.00
94.00	29.50	27.50	27.10	24.80	69.60	1.40	0.14	0.00
94.10	29.50	27.50	27.10	24.80	69.60	1.70	0.14	0.00
94.20	29.60	27.30	27.10	24.80	69.60	1.70	0.12	0.00
94.30	29.50	27.30	27.10	24.80	69.80	1.40	0.09	0.00
94.40	29.50	27.30	27.10	24.80	69.60	1.70	0.14	0.00
94.50	29.60	27.50	27.10	24.70	70.10	2.00	0.15	0.00
94.60	29.50	27.30	27.00	24.70	69.90	1.70	0.12	0.00
94.70	29.50	27.30	27.00	24.70	69.80	1.60	0.14	0.00
94.80	29.60	27.30	27.10	24.80	69.80	1.60	0.15	0.00
94.90	29.50	27.30	27.00	24.60	69.90	3.00	0.00	0.00
95.00	29.50	27.30	27.00	24.60	70.90	1.40	0.00	0.00
95.10	29.60	27.60	27.20	24.90	69.80	1.70	0.00	0.00
95.20	29.40	27.30	27.10	24.70	69.80	1.70	0.00	0.00
95.30	29.40	27.30	27.10	24.70	69.60	1.70	0.00	0.00
95.40	29.40	27.30	27.10	24.80	69.80	2.20	0.00	0.00
95.50	29.40	27.30	27.10	24.80	70.30	1.60	0.00	0.00
95.60	29.40	27.40	27.00	24.70	69.90	1.60	0.00	0.00
95.70	29.30	27.40	27.10	24.80	69.80	2.00	0.00	0.00
95.80	29.30	27.40	27.10	24.80	69.30	2.20	0.00	0.00
95.90	29.50	27.50	27.10	24.80	70.10	1.70	0.00	0.00
96.00	29.50	27.50	27.10	24.80	69.30	2.40	0.00	0.00
96.10	29.40	27.40	27.00	24.80	70.10	1.90	0.00	0.00
96.20	29.40	27.40	27.10	24.70	70.30	1.60	0.00	0.00
96.30	29.40	27.40	27.10	24.70	69.60	2.00	0.00	0.00
96.40	29.40	27.30	27.00	24.60	69.60	1.70	0.00	0.00
96.50	29.30	27.50	27.00	24.80	69.80	2.50	0.00	0.00
96.60	29.30	27.50	27.00	24.80	70.10	2.20	0.00	0.00
96.70	29.40	27.40	27.10	24.80	69.60	1.60	0.00	0.00
96.80	29.40	27.40	27.00	24.70	69.90	1.90	0.00	0.00
96.90	29.40	27.40	27.00	24.70	69.90	2.20	0.00	0.00
97.00	29.20	27.30	27.10	24.70	69.90	2.20	0.00	0.00
97.10	29.30	27.40	27.10	24.80	69.90	2.20	0.00	0.00
97.20	29.30	27.40	27.10	24.80	69.90	2.00	0.00	0.00
97.30	29.30	27.30	27.00	24.70	69.50	1.40	0.00	0.00
97.40	29.30	27.40	27.10	24.80	69.60	1.90	0.00	0.00
97.50	29.30	27.40	27.10	24.80	69.60	1.40	0.00	0.00
97.60	29.20	27.30	27.10	24.70	69.90	1.90	0.00	0.00
97.70	29.40	27.50	27.20	24.70	68.70	1.90	0.00	0.00
97.80	29.40	27.50	27.20	24.70	69.90	2.00	0.00	0.00
97.90	29.30	27.40	27.20	24.80	69.50	2.00	0.00	0.00
98.00	29.40	27.50	27.20	24.80	69.50	2.00	0.00	0.00
98.10	29.40	27.50	27.20	24.80	69.30	2.00	0.00	0.00
98.20	29.40	27.40	27.10	24.70	69.90	1.30	0.00	0.00
98.30	29.40	27.40	27.10	24.70	69.90	2.20	0.00	0.00
98.40	29.20	27.40	27.00	24.80	70.10	1.90	0.00	0.00
98.50	29.30	27.40	27.10	24.70	69.30	2.00	0.00	0.00
98.60	29.30	27.40	27.10	24.70	69.90	1.90	0.00	0.00
98.70	29.10	27.40	27.10	24.80	70.10	1.90	0.00	0.00
98.80	29.20	27.40	27.20	24.70	69.90	1.60	0.00	0.00
98.90	29.20	27.40	27.20	24.70	69.80	1.70	0.00	0.00
99.00	29.30	27.40	27.10	24.70	69.80	1.70	0.00	0.00
99.10	29.30	27.40	27.10	24.70	70.10	2.40	0.00	0.00
99.20	29.20	27.30	27.10	24.70	69.90	1.70	0.00	0.00
99.30	29.10	27.30	27.10	24.90	69.50	1.60	0.00	0.00
99.40	29.10	27.30	27.10	24.90	69.30	1.90	0.00	0.00
99.50	29.10	27.40	27.00	24.70	69.90	1.70	0.00	0.00
99.60	29.10	27.50	27.10	24.70	68.30	1.90	0.00	0.00
99.70	29.10	27.50	27.10	24.70	69.80	1.70	0.00	0.00
99.80	29.10	27.40	27.00	24.60	69.60	1.70	0.00	0.00
99.90	29.00	27.20	27.00	24.50	69.60	1.70	0.00	0.00
100.00	29.00	27.20	27.00	24.50	69.80	-0.10	0.00	0.00
100.10	29.20	27.50	27.20	24.90	69.30	1.70	0.00	0.00
100.20	29.10	27.40	27.20	24.80	69.80	1.90	0.00	0.00
100.30	29.10	27.40	27.20	24.80	69.60	1.70	0.00	0.00
100.40	29.20	27.50	27.10	24.90	69.90	2.00	0.00	0.00
100.50	29.20	27.40	27.20	24.80	69.60	2.00	0.00	0.00
100.60	29.20	27.40	27.20	24.80	69.60	1.30	0.00	0.00
100.70	29.10	27.30	27.00	24.80	69.90	2.00	0.00	0.00
100.80	29.10	27.50	27.10	24.80	69.90	2.00	0.00	0.00
100.90	29.10	27.50	27.10	24.80	69.60	2.20	0.00	0.00
101.00	29.10	27.40	27.10	24.80	69.90	2.00	0.00	0.00
101.10	29.20	27.40	27.20	24.80	70.30	2.20	0.00	0.00
101.20	29.20	27.40	27.20	24.80	69.60	2.00	0.00	0.00
101.30	29.00	27.50	27.00	24.90	69.80	2.00	0.00	0.00
101.40	29.00	27.40	27.00	24.80	69.60	1.90	0.00	0.00
101.50	29.00	27.40	27.00	24.80	69.30	2.00	0.00	0.00
101.60	28.90	27.30	27.00	24.70	69.30	1.70	0.00	0.00
101.70	29.10	27.50	27.10	24.70	69.80	2.00	0.00	0.00
101.80	29.10	27.50	27.10	24.70	69.80	2.00	0.00	0.00
101.90	29.10	27.40	27.10	24.90	69.60	2.00	0.00	0.00
102.00	29.00	27.50	27.10	24.70	69.50	1.90	0.00	0.00
102.10	29.00	27.50	27.10	24.70	69.60	1.70	0.00	0.00
102.20	29.00	27.40	27.10	24.70	69.50	2.20	0.00	0.00
102.30	29.10	27.40	27.20	24.80	69.20	1.90	0.00	0.00
102.40	29.10	27.40	27.20	24.80	69.80	1.40	0.00	0.00
102.50	28.90	27.40	27.10	24.70	69.90	2.00	0.00	0.00
102.60	28.90	27.40	27.10	24.70	69.80	1.60	0.00	0.00
102.70	29.10	27.40	27.20	24.90	70.10	1.90	0.00	0.00
102.80	29.00	27.40	27.00	24.80	70.10	1.90	0.00	0.00
102.90	29.00	27.40	27.00	24.80	69.60	1.90	0.00	0.00
103.00	28.90	27.50	27.10	24.70	69.50	1.90	0.00	0.00
103.10	29.00	27.50	27.20	24.80	69.80	1.90	0.00	0.00
103.20	29.00	27.50	27.20	24.80	69.60	1.60	0.00	0.00
103.30	29.00	27.40	27.00	24.80	69.90	1.70	0.00	0.00
103.40	28.80	27.40	27.10	24.70	69.80	1.70	0.00	0.00
103.50	28.80	27.40	27.10	24.70	69.90	1.90	0.00	0.00
103.60	29.00	27.50	27.20	24.80	69.90	2.40	0.00	0.00
103.70	29.00	27.50	27.20	24.80	69.90	2.40	0.00	0.00
103.80	28.90	27.40	27.10	24.80	69.60	1.60	0.00	0.00
103.90	29.00	27.50	27.10	24.70	69.80	1.90	0.00	0.00
104.00	29.00	27.50	27.10	24.70	67.80	2.00	0.00	0.00
104.10	29.00	27.40	27.10	24.80	69.30	1.90	0.00	0.00
104.20	29.00	27.40	27.10	24.80	69.80	0.00	0.00	0.00
104.30	28.90	27.50	27.20	24.80	69.60	2.40	0.00	0.00
104.40	29.00	27.40	27.10	24.80	69.60	1.70	0.00	0.00
104.50	29.00	27.40	27.10	24.80	69.90	2.00	0.00	0.00
104.60	29.00	27.70	27.20	24.90	69.90	1.60	0.00	0.00
104.70	28.80	27.40	27.00	24.70	69.90	1.60	0.00	0.00
104.80	28.80	27.40	27.00	24.70	69.50	1.90	0.00	0.00
104.90	28.90	27.60	26.90	24.80	69.50	1.60	0.00	0.00
105.00	28.90	27.60	26.90	24.80	69.30	1.90	0.00	0.00
105.10	28.70	27.30	27.00	24.70	69.80	1.70	0.00	0.00
105.20	28.80	27.50	27.20	24.80	69.00	1.70	0.00	0.00
105.30	28.80	27.50	27.20	24.80	69.30	1.90	0.00	0.00
105.40	28.80	27.40	27.00	24.80	69.90	1.70	0.00	0.00
105.50	28.90	27.40	27.10	24.80	69.60	2.20	0.00	0.00
105.60	28.90	27.40	27.10	24.80	69.30	2.00	0.00	0.00
105.70	28.90	27.50	27.20	24.80	69.30	2.00	0.00	0.00
105.80	29.00	27.40	27.20	24.80	69.80	2.50	0.00	0.00
105.90	29.00	27.40	27.20	24.80	69.80	2.20	0.00	0.00
106.00	28.80	27.30	27.10	24.70	70.70	2.00	0.00	0.00
106.10	28.90	27.50	27.20	24.80	69.80	1.90	0.00	0.00
106.20	28.90	27.50	27.20	24.80	69.90	2.00	0.00	0.00
106.30	28.80	27.50	27.20	24.80	69.80	2.00	0.00	0.00
106.40	28.80	27.50	27.20	24.80	69.50	1.70	0.00	0.00
106.50	28.90	27.50	27.20	24.80	69.30	2.20	0.00	0.00
106.60	29.00	27.50	27.30	24.90	69.30	2.20	0.00	0.00
106.70	29.00	27.50	27.30	24.90	69.90	1.90	0.00	0.00
106.80	28.90	27.50	27.00	24.80	69.00	2.20	0.00	0.00
106.90	28.80	27.40	27.10	24.60	70.30	1.60	0.00	0.00
107.00	28.80	27.40	27.10	24.60	69.50	2.20	0.00	0.00
107.10	28.90	27.50	27.10	24.80	69.90	1.70	0.00	0.00
107.20	28.80	27.50	27.20	24.80	69.80	1.90	0.00	0.00
107.30	28.80	27.50	27.20	24.80	69.60	1.70	0.00	0.00
107.40	28.80	27.40	27.10	24.70	69.50	2.00	0.00	0.00
107.50	28.90	27.40	27.10	24.70	69.50	2.00	0.00	0.00
107.60	28.90	27.40	27.10	24.70	69.60	1.70	0.00	0.00
107.70	28.80	27.40	27.10	24.90	69.50	1.90	0.00	0.00
107.80	28.80	27.40	27.10	24.90	69.50	1.70	0.00	0.00
107.90	28.70	27.30	27.00	24.70	69.50	1.90	0.00	0.00
108.00	28.70	27.40	27.10	24.80	70.10	1.90	0.00	0.00
108.10	28.70	27.40	27.10	24.80	69.30	2.00	0.00	0.00
108.20	28.80	27.50	27.20	24.80	69.80	1.40	0.00	0.00
108.30	28.70	27.50	27.20	24.90	69.90	1.90	0.00	0.00
108.40	28.70	27.50	27.20	24.90	69.90	1.70	0.00	0.00
108.50	28.80	27.40	27.10	24.80	69.90	1.70	0.00	0.00
108.60	28.80	27.50	27.10	24.70	69.60	1.90	0.00	0.00
108.70	28.80	27.50	27.10	24.70	69.50	1.70	0.00	0.00
108.80	28.70	27.30	27.10	24.70	69.80	2.20	0.00	0.00
108.90	28.80	27.40	27.10	24.90	69.90	2.20	0.00	0.00
109.00	28.80	27.40	27.10	24.90	69.20	2.00	0.00	0.00
109.10	28.70	27.40	27.10	24.80	69.80	1.40	0.00	0.00
109.20	28.80	27.40	27.10	24.70	69.50	2.00	0.00	0.00
109.30	28.80	27.40	27.10	24.70	69.90	1.70	0.00	0.00
109.40	28.70	27.30	27.10	24.70	69.90	1.70	0.00	0.00
109.50	28.90	27.40	27.20	24.80	69.50	1.90	0.00	0.00
109.60	28.90	27.40	27.20	24.80	69.30	1.70	0.00	0.00
109.70	28.70	27.40	27.20	24.80	69.50	1.90	0.00	0.00
109.80	28.70	27.50	27.00	24.80	69.80	0.70	0.00	0.00
109.90	28.70	27.50	27.00	24.80	69.50	2.20	0.00	0.00
110.00	28.70	27.40	27.30	24.80	69.30	1.70	0.00	0.00
110.10	28.60	27.30	27.10	24.60	69.80	2.00	0.00	0.00
110.20	28.60	27.30	27.10	24.60	69.80	1.90	0.00	0.00
110.30	28.80	27.40	27.10	24.70	69.80	1.90	0.00	0.00
110.40	28.80	27.40	27.10	24.70	70.10	1.70	0.00	0.00
110.50	28.70	27.50	27.20	24.80	69.80	1.70	0.00	0.00
110.60	28.70	27.40	27.10	24.70	69.90	1.90	0.00	0.00
110.70	28.70	27.40	27.10	24.70	69.50	1.60	0.00	0.00
110.80	28.70	27.50	27.20	24.80	69.80	1.90	0.00	0.00
110.90	28.70	27.50	27.20	24.80	69.50	1.90	0.00	0.00
111.00	28.80	27.50	27.20	24.90	69.60	1.70	0.00	0.00
111.10	28.70	27.30	27.20	24.80	69.80	1.60	0.00	0.00
111.20	28.70	27.30	27.20	24.80	69.60	2.20	0.00	0.00
111.30	28.70	27.30	27.20	24.70	70.10	1.90	0.00	0.00
111.40	28.70	27.30	27.20	24.70	69.90	2.80	0.00	0.00
111.50	28.60	27.40	27.10	24.90	69.30	2.00	0.00	0.00
111.60	28.60	27.50	27.00	24.80	69.60	1.40	0.00	0.00
111.70	28.60	27.50	27.00	24.80	69.60	1.70	0.00	0.00
111.80	28.70	27.40	27.00	24.70	69.90	0.80	0.00	0.00
111.90	28.80	27.60	27.30	25.00	69.60	2.00	0.00	0.00
112.00	28.80	27.60	27.30	25.00	69.90	2.00	0.00	0.00
112.10	28.60	27.40	27.20	24.80	69.30	2.00	0.00	0.00
112.20	28.50	27.60	27.10	24.80	69.30	2.00	0.00	0.00
112.30	28.50	27.60	27.10	24.80	69.30	1.90	0.00	0.00
112.40	28.60	27.40	27.10	24.80	69.80	2.20	0.00	0.00
112.50	28.60	27.40	27.10	24.80	69.50	1.70	0.00	0.00
112.60	28.70	27.40	27.20	24.80	69.80	3.00	0.00	0.00
112.70	28.70	27.40	27.00	24.90	69.50	1.90	0.00	0.00
112.80	28.70	27.40	27.00	24.90	69.60	2.00	0.00	0.00
112.90	28.60	27.40	27.10	24.80	70.10	1.40	0.00	0.00
113.00	28.60	27.50	27.10	24.80	68.40	2.00	0.00	0.00
113.10	28.60	27.50	27.10	24.80	68.40	2.00	0.00	0.00
113.20	28.70	27.40	27.10	24.80	69.60	3.00	0.00	0.00
113.30	28.60	27.40	27.10	24.80	69.80	1.90	0.00	0.00
113.40	28.60	27.40	27.10	24.80	69.90	1.40	0.00	0.00
113.50	28.50	27.40	27.00	24.70	69.90	2.20	0.00	0.00
113.60	28.60	27.50	27.20	24.80	69.80	2.70	0.00	0.00
113.70	28.60	27.50	27.20	24.80	69.90	2.00	0.00	0.00
113.80	28.60	27.50	27.20	24.70	69.90	1.60	0.00	0.00
113.90	28.50	27.40	27.00	24.60	69.30	2.00	0.00	0.00
114.00	28.50	27.40	27.00	24.60	69.30	2.00	0.00	0.00
114.10	28.60	27.40	27.00	24.70	69.30	1.90	0.00	0.00
114.20	28.60	27.40	27.00	24.70	69.80	1.70	0.00	0.00
114.30	28.60	27.50	27.10	24.90	69.60	1.90	0.00	0.00
114.40	28.50	27.40	27.10	24.70	69.60	1.60	0.00	0.00
114.50	28.50	27.40	27.10	24.70	69.60	2.20	0.00	0.00
114.60	28.60	27.50	27.00	24.70	69.30	1.70	0.00	0.00
114.70	28.60	27.40	27.00	24.80	69.90	1.90	0.00	0.00
114.80	28.60	27.40	27.00	24.80	69.60	1.90	0.00	0.00
114.90	28.50	27.40	27.10	24.80	69.60	1.90	0.00	0.00
115.00	28.70	27.50	27.30	24.80	69.60	1.70	0.00	0.00
115.10	28.70	27.50	27.30	24.80	69.30	1.70	0.00	0.00
115.20	28.60	27.40	27.10	24.80	69.80	2.20	0.00	0.00
115.30	28.50	27.40	27.10	24.80	69.60	2.00	0.00	0.00
115.40	28.50	27.40	27.10	24.80	69.60	1.90	0.00	0.00
115.50	28.50	27.50	27.30	24.70	69.90	2.20	0.00	0.00
115.60	28.40	27.40	27.10	24.70	69.80	1.60	0.00	0.00
115.70	28.40	27.40	27.10	24.70	69.90	2.00	0.00	0.00
115.80	28.60	27.40	27.10	24.80	69.50	1.70	0.00	0.00
115.90	28.50	27.30	27.10	24.80	69.60	1.90	0.00	0.00
116.00	28.50	27.30	27.10	24.80	69.80	2.00	0.00	0.00
116.10	28.50	27.30	27.00	24.70	70.60	1.60	0.00	0.00
116.20	28.50	27.40	27.10	24.80	69.60	1.90	0.00	0.00
116.30	28.50	27.40	27.10	24.80	69.60	1.70	0.00	0.00
116.40	28.50	27.20	27.20	24.70	69.60	1.90	0.00	0.00
116.50	28.50	27.20	27.20	24.70	69.60	1.70	0.00	0.00
116.60	28.60	27.50	27.20	24.80	69.60	2.00	0.00	0.00
116.70	28.60	27.50	27.10	24.90	70.10	1.90	0.00	0.00
116.80	28.60	27.50	27.10	24.90	70.10	1.90	0.00	0.00
116.90	28.50	27.40	27.20	24.70	69.50	2.20	0.00	0.00
117.00	28.50	27.30	27.20	24.80	68.30	1.90	0.00	0.00
117.10	28.50	27.30	27.20	24.80	68.60	1.70	0.00	0.00
117.20	28.50	27.40	27.10	24.80	69.50	2.20	0.00	0.00
117.30	28.50	27.40	27.00	24.80	69.60	1.90	0.00	0.00
117.40	28.50	27.40	27.00	24.80	69.80	2.40	0.00	0.00
117.50	28.60	27.50	27.00	24.70	69.80	2.50	0.00	0.00
117.60	28.50	27.50	27.10	24.70	69.30	1.90	0.00	0.00
117.70	28.50	27.50	27.10	24.70	69.30	1.90	0.00	0.00
117.80	28.50	27.50	27.10	24.80	69.50	2.20	0.00	0.00
117.90	28.60	27.50	27.30	24.90	69.30	2.00	0.00	0.00
118.00	28.60	27.50	27.30	24.90	70.30	1.40	0.00	0.00
118.10	28.50	27.50	27.20	24.90	69.90	1.70	0.00	0.00
118.20	28.50	27.30	27.10	24.70	69.60	1.90	0.00	0.00
118.30	28.50	27.30	27.10	24.70	70.10	1.70	0.00	0.00
118.40	28.40	27.50	27.20	24.70	69.50	1.90	0.00	0.00
118.50	28.40	27.50	27.20	24.70	69.30	1.90	0.00	0.00
118.60	28.40	27.40	27.20	24.70	69.80	1.90	0.00	0.00
118.70	28.50	27.50	27.20	24.80	69.80	1.90	0.00	0.00
118.80	28.50	27.50	27.20	24.80	70.40	1.90	0.00	0.00
118.90	28.40	27.50	27.10	24.80	69.60	1.70	0.00	0.00
119.00	28.40	27.50	27.10	24.80	69.90	2.00	0.00	0.00
119.10	28.50	27.40	27.10	24.80	69.20	2.00	0.00	0.00
119.20	28.50	27.50	27.10	24.70	69.80	1.60	0.00	0.00
119.30	28.50	27.50	27.10	24.70	69.90	1.60	0.00	0.00
119.40	28.50	27.40	27.10	24.70	70.10	2.00	0.00	0.00
119.50	28.40	27.40	27.10	24.80	69.90	2.00	0.00	0.00
119.60	28.40	27.40	27.10	24.80	69.80	1.60	0.00	0.00
119.70	28.50	27.50	27.10	24.80	69.80	1.60	0.00	0.00
119.80	28.50	27.50	27.10	24.70	69.60	1.90	0.00	0.00
119.90	28.50	27.50	27.10	24.70	69.80	0.50	0.00	0.00
120.00	28.60	27.50	27.20	24.80	69.20	1.90	0.00	0.00
120.10	28.40	27.40	27.10	24.70	69.50	1.90	0.00	0.00
120.20	28.40	27.40	27.10	24.70	69.50	1.60	0.00	0.00
120.30	28.40	27.50	27.10	24.70	70.10	1.70	0.00	0.00
120.40	28.40	27.50	27.10	24.70	69.80	1.70	0.00	0.00
120.50	28.50	27.40	27.00	24.70	69.60	1.40	0.00	0.00
120.60	28.40	27.40	27.20	24.80	69.60	1.40	0.00	0.00
120.70	28.40	27.40	27.20	24.80	69.60	1.60	0.00	0.00
120.80	28.40	27.40	27.00	24.70	69.50	1.90	0.00	0.00
120.90	28.40	27.50	27.10	24.70	69.80	2.20	0.00	0.00
121.00	28.40	27.50	27.10	24.70	69.80	2.20	0.00	0.00
121.10	28.60	27.50	27.20	24.80	69.60	2.00	0.00	0.00
121.20	28.50	27.50	27.20	24.90	69.50	1.70	0.00	0.00
121.30	28.50	27.50	27.20	24.90	69.80	1.10	0.00	0.00
121.40	28.40	27.50	27.10	24.70	69.30	1.90	0.00	0.00
121.50	28.50	27.40	27.10	24.90	69.90	1.60	0.00	0.00
121.60	28.50	27.40	27.10	24.90	69.90	1.60	0.00	0.00
121.70	28.60	27.60	27.30	25.00	70.10	1.60	0.00	0.00
121.80	28.40	27.60	27.10	24.90	70.10	1.70	0.00	0.00
121.90	28.40	27.60	27.10	24.90	69.80	1.90	0.00	0.00
122.00	28.40	27.60	27.20	24.70	69.50	1.90	0.00	0.00
122.10	28.40	27.40	27.10	24.80	69.60	1.70	0.00	0.00
122.20	28.40	27.40	27.10	24.80	70.30	1.70	0.00	0.00
122.30	28.30	27.40	27.00	24.70	69.90	2.00	0.00	0.00
122.40	28.40	27.40	27.10	24.80	69.50	2.00	0.00	0.00
122.50	28.40	27.40	27.10	24.80	69.60	2.20	0.00	0.00
122.60	28.30	27.30	26.90	24.70	69.60	2.20	0.00	0.00
122.70	28.30	27.30	26.90	24.70	69.90	2.00	0.00	0.00
122.80	28.50	27.50	27.20	24.80	69.90	2.40	0.00	0.00
122.90	28.30	27.40	27.00	24.70	69.80	1.60	0.00	0.00
123.00	28.30	27.40	27.00	24.70	69.30	2.00	0.00	0.00
123.10	28.20	27.30	27.10	24.60	69.80	1.70	0.00	0.00
123.20	28.50	27.50	27.20	24.90	69.30	1.90	0.00	0.00
123.30	28.50	27.50	27.20	24.90	69.30	1.60	0.00	0.00
123.40	28.40	27.50	27.10	24.80	69.60	2.00	0.00	0.00
123.50	28.40	27.40	27.00	24.70	69.60	2.00	0.00	0.00
123.60	28.40	27.40	27.00	24.70	69.50	1.70	0.00	0.00
123.70	28.40	27.50	27.20	24.80	69.30	2.00	0.00	0.00
123.80	28.50	27.50	27.20	24.80	69.50	1.60	0.00	0.00
123.90	28.50	27.50	27.20	24.80	69.50	1.70	0.00	0.00
124.00	28.40	27.50	27.00	24.90	69.30	2.00	0.00	0.00
124.10	28.40	27.50	27.00	24.90	69.30	2.00	0.00	0.00
124.20	28.30	27.50	27.00	24.70	69.80	1.70	0.00	0.00
124.30	28.40	27.40	27.20	24.80	69.80	1.70	0.00	0.00
124.40	28.40	27.40	27.20	24.80	69.80	1.70	0.00	0.00
124.50	28.40	27.40	27.10	24.90	69.50	1.90	0.00	0.00
124.60	28.30	27.40	27.00	24.80	69.50	-0.10	0.00	0.00
124.70	28.30	27.40	27.00	24.80	69.60	1.60	0.00	0.00
124.80	28.30	27.60	27.10	24.80	70.10	1.70	0.00	0.00
124.90	28.50	27.50	27.10	24.90	69.80	2.40	0.00	0.00
125.00	28.50	27.50	27.10	24.90	69.30	1.90	0.00	0.00
125.10	28.30	27.50	27.10	24.80	69.90	2.20	0.00	0.00
125.20	28.40	27.50	27.00	24.80	69.60	1.70	0.00	0.00
125.30	28.40	27.50	27.00	24.80	69.80	0.00	0.00	0.00
125.40	28.30	27.50	27.10	24.80	69.80	0.00	0.00	0.00
125.50	28.30	27.50	27.10	24.80	69.60	1.60	0.00	0.00
125.60	28.30	27.40	27.10	24.70	69.30	2.20	0.00	0.00
125.70	28.30	27.50	27.10	24.80	69.90	2.40	0.00	0.00
125.80	28.30	27.50	27.10	24.80	69.50	1.90	0.00	0.00
125.90	28.30	27.50	27.20	24.80	69.60	2.00	0.00	0.00
126.00	28.30	27.40	27.00	24.70	69.60	2.00	0.00	0.00
126.10	28.40	27.50	27.10	24.70	69.90	1.70	0.00	0.00
126.20	28.40	27.50	27.10	24.70	69.80	1.90	0.00	0.00
126.30	28.40	27.60	27.20	24.80	69.50	2.00	0.00	0.00
126.40	28.40	27.60	27.20	24.80	69.50	2.00	0.00	0.00
126.50	28.50	27.50	27.20	24.80	69.50	1.70	0.00	0.00
126.60	28.50	27.50	27.20	24.80	69.50	2.40	0.00	0.00
126.70	28.30	27.40	27.10	24.80	69.50	2.20	0.00	0.00
126.80	28.30	27.50	27.10	24.70	69.60	2.20	0.00	0.00
126.90	28.30	27.50	27.10	24.70	69.80	1.90	0.00	0.00
127.00	28.40	27.50	27.00	24.80	68.90	1.90	0.00	0.00
127.10	28.50	27.40	27.10	24.80	69.80	1.40	0.00	0.00
127.20	28.50	27.40	27.10	24.80	69.50	1.90	0.00	0.00
127.30	28.40	27.50	27.10	24.90	69.50	1.90	0.00	0.00
127.40	28.40	27.50	27.20	24.80	69.30	1.90	0.00	0.00
127.50	28.40	27.50	27.20	24.80	69.80	1.70	0.00	0.00
127.60	28.20	27.40	27.10	24.60	69.60	1.90	0.00	0.00
127.70	28.20	27.40	27.10	24.60	69.60	2.20	0.00	0.00
127.80	28.40	27.60	27.20	24.80	69.80	1.90	0.00	0.00
127.90	28.20	27.40	27.10	24.70	69.60	1.90	0.00	0.00
128.00	28.20	27.40	27.10	24.70	69.50	2.00	0.00	0.00
128.10	28.30	27.50	27.00	24.90	69.90	1.90	0.00	0.00
128.20	28.40	27.50	27.10	24.80	69.80	2.00	0.00	0.00
128.30	28.40	27.50	27.10	24.80	69.80	2.00	0.00	0.00
128.40	28.20	27.40	27.10	24.80	69.90	2.00	0.00	0.00
128.50	28.30	27.40	27.20	24.80	69.50	2.20	0.00	0.00
128.60	28.30	27.40	27.20	24.80	69.50	2.00	0.00	0.00
128.70	28.20	27.40	27.20	24.70	69.30	2.00	0.00	0.00
128.80	28.20	27.50	27.20	24.90	69.60	1.90	0.00	0.00
128.90	28.20	27.50	27.20	24.90	69.60	1.90	0.00	0.00
129.00	28.30	27.40	27.10	24.90	69.60	2.20	0.00	0.00
129.10	28.30	27.40	27.00	24.70	69.60	2.20	0.00	0.00
129.20	28.30	27.40	27.00	24.70	69.60	2.20	0.00	0.00
129.30	28.30	27.50	27.20	24.80	69.90	3.00	0.00	0.00
129.40	28.20	27.50	27.20	24.70	69.80	1.90	0.00	0.00
129.50	28.20	27.50	27.20	24.70	69.50	2.20	0.00	0.00
129.60	28.40	27.50	27.20	24.80	69.60	2.00	0.00	0.00
129.70	28.40	27.50	27.20	24.80	69.90	1.40	0.00	0.00
129.80	28.20	27.40	27.00	24.70	69.00	1.70	0.00	0.00
129.90	28.30	27.50	27.20	24.80	69.80	1.90	0.00	0.00
130.00	28.30	27.50	27.20	24.80	69.30	2.00	0.00	0.00
130.10	28.20	27.40	27.10	24.80	69.30	2.00	0.00	0.00
130.20	28.20	27.50	27.10	24.90	69.30	1.90	0.00	0.00
130.30	28.20	27.50	27.10	24.90	69.60	2.50	0.00	0.00
130.40	28.20	27.30	26.90	24.50	69.60	1.60	0.00	0.00
130.50	28.30	27.60	27.10	24.70	69.90	1.70	0.00	0.00
130.60	28.30	27.60	27.10	24.70	69.90	1.90	0.00	0.00
130.70	28.30	27.40	27.10	24.70	69.60	1.90	0.00	0.00
130.80	28.30	27.50	27.10	24.80	69.90	1.70	0.00	0.00
130.90	28.30	27.50	27.10	24.80	69.90	2.20	0.00	0.00
131.00	28.30	27.50	27.20	24.80	70.10	1.70	0.00	0.00
131.10	28.30	27.50	27.10	24.70	70.10	1.70	0.00	0.00
131.20	28.30	27.50	27.10	24.70	69.80	1.70	0.00	0.00
131.30	28.40	27.60	27.30	24.90	70.10	1.60	0.00	0.00
131.40	28.30	27.50	27.20	24.80	70.70	1.60	0.00	0.00
131.50	28.30	27.50	27.20	24.80	69.60	1.70	0.00	0.00
131.60	28.30	27.50	27.10	24.80	67.60	1.90	0.00	0.00
131.70	28.20	27.50	27.10	24.80	69.30	1.60	0.00	0.00
131.80	28.20	27.50	27.10	24.80	69.80	1.70	0.00	0.00
131.90	28.20	27.50	27.10	24.70	69.80	2.00	0.00	0.00
132.00	28.20	27.50	27.10	24.70	69.80	2.00	0.00	0.00
132.10	28.30	27.60	27.00	24.90	69.90	2.00	0.00	0.00
132.20	28.20	27.50	27.10	24.70	69.50	2.40	0.00	0.00
132.30	28.20	27.50	27.10	24.70	69.80	2.40	0.00	0.00
132.40	28.30	27.50	27.10	24.70	69.50	1.90	0.00	0.00
132.50	28.30	27.50	27.20	24.80	69.90	1.70	0.00	0.00
132.60	28.30	27.50	27.20	24.80	70.30	1.70	0.00	0.00
132.70	28.20	27.40	27.10	24.70	69.80	1.60	0.00	0.00
132.80	28.20	27.40	27.10	24.70	69.20	2.00	0.00	0.00
132.90	28.30	27.60	27.10	24.80	69.60	2.00	0.00	0.00
133.00	28.30	27.60	27.00	24.80	69.60	2.00	0.00	0.00
133.10	28.30	27.60	27.00	24.80	69.60	1.70	0.00	0.00
133.20	28.20	27.50	27.10	24.80	69.50	2.00	0.00	0.00
133.30	28.20	27.40	27.10	24.90	69.50	2.00	0.00	0.00
133.40	28.20	27.40	27.10	24.90	69.60	1.60	0.00	0.00
133.50	28.20	27.50	27.10	24.70	69.60	1.90	0.00	0.00
133.60	28.30	27.40	27.10	24.80	70.10	2.00	0.00	0.00
133.70	28.30	27.40	27.10	24.80	69.30	1.90	0.00	0.00
133.80	28.30	27.50	27.20	24.80	69.50	2.00	0.00	0.00
133.90	28.40	27.50	27.20	24.70	69.50	1.90	0.00	0.00
134.00	28.40	27.50	27.20	24.70	69.50	1.90	0.00	0.00
134.10	28.20	27.60	27.10	24.80	69.30	1.90	0.00	0.00
134.20	28.20	27.60	27.10	24.80	69.50	2.00	0.00	0.00
134.30	28.20	27.50	27.20	24.80	69.80	2.40	0.00	0.00
134.40	28.30	27.50	27.20	24.80	69.80	2.20	0.00	0.00
134.50	28.30	27.50	27.20	24.80	70.40	1.60	0.00	0.00
134.60	28.20	27.50	27.10	24.80	69.30	1.90	0.00	0.00
134.70	28.30	27.50	27.00	24.80	69.90	2.00	0.00	0.00
134.80	28.30	27.50	27.00	24.80	69.90	1.90	0.00	0.00
134.90	28.30	27.50	27.10	24.90	69.80	1.90	0.00	0.00
135.00	28.20	27.50	27.10	24.80	69.80	1.90	0.00	0.00
135.10	28.20	27.50	27.10	24.80	69.50	2.00	0.00	0.00
135.20	28.20	27.50	27.10	24.80	69.80	1.70	0.00	0.00
135.30	28.30	27.60	27.00	24.80	69.50	2.00	0.00	0.00
135.40	28.30	27.60	27.00	24.80	69.50	2.00	0.00	0.00
135.50	28.30	27.50	27.10	24.70	69.80	1.70	0.00	0.00
135.60	28.30	27.50	27.10	24.70	69.90	1.70	0.00	0.00
135.70	28.30	27.50	27.20	24.70	69.90	1.90	0.00	0.00
135.80	28.20	27.50	27.20	24.80	70.30	1.40	0.00	0.00
135.90	28.20	27.50	27.20	24.80	70.30	1.40	0.00	0.00
136.00	28.30	27.50	27.10	24.80	69.50	1.60	0.00	0.00
136.10	28.20	27.60	27.20	24.80	69.80	1.90	0.00	0.00
136.20	28.20	27.60	27.20	24.80	69.80	1.60	0.00	0.00
136.30	28.20	27.50	27.20	24.70	69.60	1.70	0.00	0.00
136.40	28.20	27.50	27.10	24.70	69.90	1.70	0.00	0.00
136.50	28.20	27.50	27.10	24.70	69.50	1.70	0.00	0.00
136.60	28.30	27.60	27.20	24.90	69.80	1.90	0.00	0.00
136.70	28.10	27.40	27.00	24.80	69.90	1.40	0.00	0.00
136.80	28.10	27.40	27.00	24.80	69.90	1.40	0.00	0.00
136.90	28.30	27.50	27.10	24.90	69.60	2.00	0.00	0.00
137.00	28.20	27.60	27.10	24.70	69.50	1.90	0.00	0.00
137.10	28.20	27.60	27.10	24.70	69.80	2.00	0.00	0.00
137.20	28.30	27.60	27.30	24.80	69.80	2.00	0.00	0.00
137.30	28.10	27.40	27.10	24.80	69.60	1.70	0.00	0.00
137.40	28.10	27.40	27.10	24.80	69.80	2.00	0.00	0.00
137.50	28.20	27.40	27.00	24.70	69.60	2.00	0.00	0.00
137.60	28.20	27.40	27.00	24.70	69.80	2.20	0.00	0.00
137.70	28.10	27.50	27.10	24.80	69.80	2.20	0.00	0.00
137.80	28.10	27.40	27.00	24.70	69.60	2.00	0.00	0.00
137.90	28.10	27.40	27.00	24.70	69.80	1.60	0.00	0.00
138.00	28.20	27.60	27.10	24.80	69.50	1.70	0.00	0.00
138.10	28.20	27.40	27.10	24.80	68.40	1.90	0.00	0.00
138.20	28.20	27.40	27.10	24.80	70.10	1.60	0.00	0.00
138.30	28.20	27.50	27.10	24.80	69.80	1.60	0.00	0.00
138.40	28.30	27.40	27.10	24.80	68.60	2.20	0.00	0.00
138.50	28.30	27.40	27.10	24.80	69.60	1.90	0.00	0.00
138.60	28.30	27.60	27.20	24.80	69.80	1.70	0.00	0.00
138.70	28.30	27.60	27.20	24.90	69.80	1.70	0.00	0.00
138.80	28.30	27.60	27.20	24.90	69.60	1.90	0.00	0.00
138.90	28.10	27.50	27.20	24.80	70.10	1.70	0.00	0.00
139.00	28.10	27.50	27.20	24.80	69.20	2.00	0.00	0.00
139.10	28.20	27.60	27.10	24.90	70.10	2.00	0.00	0.00
139.20	28.20	27.60	27.10	24.80	69.20	1.70	0.00	0.00
139.30	28.20	27.60	27.10	24.80	69.50	2.00	0.00	0.00
139.40	28.30	27.60	27.10	24.80	69.20	1.90	0.00	0.00
139.50	28.20	27.40	27.00	24.80	69.80	1.40	0.00	0.00
139.60	28.20	27.40	27.00	24.80	69.80	1.40	0.00	0.00
139.70	28.20	27.60	27.10	24.90	70.10	1.90	0.00	0.00
139.80	28.00	27.50	27.10	24.70	69.50	1.60	0.00	0.00
139.90	28.00	27.50	27.10	24.70	69.60	2.00	0.00	0.00
140.00	28.10	27.40	27.00	24.70	69.60	1.90	0.00	0.00
140.10	28.20	27.50	27.10	24.90	69.60	2.20	0.00	0.00
140.20	28.20	27.50	27.10	24.90	69.50	1.60	0.00	0.00
140.30	28.30	27.60	27.20	24.80	69.30	1.90	0.00	0.00
140.40	28.20	27.50	27.10	24.80	69.80	1.60	0.00	0.00
140.50	28.20	27.50	27.10	24.80	69.30	1.90	0.00	0.00
140.60	28.10	27.50	27.10	24.60	69.60	1.60	0.00	0.00
140.70	28.20	27.60	27.20	24.90	69.50	1.90	0.00	0.00
140.80	28.20	27.60	27.20	24.90	69.50	1.70	0.00	0.00
140.90	28.10	27.50	27.00	24.70	69.50	1.60	0.00	0.00
141.00	28.10	27.50	27.00	24.70	69.60	2.00	0.00	0.00
141.10	28.30	27.50	27.20	24.90	69.90	2.20	0.00	0.00
141.20	28.20	27.60	27.20	24.80	69.50	2.20	0.00	0.00
141.30	28.20	27.60	27.20	24.80	69.60	2.00	0.00	0.00
141.40	28.10	27.50	27.10	24.80	69.50	1.90	0.00	0.00
141.50	28.20	27.60	27.20	24.90	69.50	1.90	0.00	0.00
141.60	28.20	27.60	27.20	24.90	69.50	2.20	0.00	0.00
141.70	28.10	27.50	27.00	24.70	69.80	2.00	0.00	0.00
141.80	28.10	27.50	27.00	24.70	69.90	2.40	0.00	0.00
141.90	28.20	27.50	27.10	24.90	69.50	2.00	0.00	0.00
142.00	28.20	27.50	27.20	24.70	70.10	2.00	0.00	0.00
142.10	28.20	27.50	27.20	24.70	69.90	1.30	0.00	0.00
142.20	28.10	27.60	27.20	24.80	69.60	1.90	0.00	0.00
142.30	28.20	27.50	27.20	24.80	69.80	1.90	0.00	0.00
142.40	28.20	27.50	27.20	24.80	70.10	1.70	0.00	0.00
142.50	28.20	27.60	27.10	24.70	70.10	1.70	0.00	0.00
142.60	28.20	27.60	27.10	24.70	69.60	1.60	0.00	0.00
142.70	28.20	27.50	27.00	24.80	69.90	1.40	0.00	0.00
142.80	28.20	27.50	27.00	24.80	69.60	2.20	0.00	0.00
142.90	28.10	27.50	27.10	24.80	69.60	2.00	0.00	0.00
143.00	28.20	27.50	27.20	24.70	69.80	2.00	0.00	0.00
143.10	28.20	27.50	27.20	24.70	69.60	2.20	0.00	0.00
143.20	28.20	27.50	27.10	24.80	69.20	1.70	0.00	0.00
143.30	28.10	27.40	27.10	24.70	69.90	1.90	0.00	0.00
143.40	28.10	27.40	27.10	24.70	69.60	2.00	0.00	0.00
143.50	28.20	27.50	27.10	24.70	69.60	2.00	0.00	0.00
143.60	28.30	27.60	27.20	24.80	69.60	2.00	0.00	0.00
143.70	28.30	27.60	27.20	24.80	69.80	2.80	0.00	0.00
143.80	28.20	27.50	27.00	24.80	69.50	1.90	0.00	0.00
143.90	28.20	27.60	27.00	24.80	69.80	1.90	0.00	0.00
144.00	28.20	27.60	27.00	24.80	69.80	1.90	0.00	0.00
144.10	28.10	27.50	27.20	24.80	69.80	1.60	0.00	0.00
144.20	28.10	27.50	27.10	24.80	69.60	2.20	0.00	0.00
144.30	28.10	27.50	27.10	24.80	69.80	1.60	0.00	0.00
144.40	28.00	27.60	27.20	24.80	69.80	1.60	0.00	0.00
144.50	28.30	27.60	27.20	24.90	69.60	1.90	0.00	0.00
144.60	28.30	27.60	27.20	24.90	69.30	1.70	0.00	0.00
144.70	28.20	27.50	27.10	24.70	69.90	1.70	0.00	0.00
144.80	28.20	27.50	27.10	24.70	69.20	2.00	0.00	0.00
144.90	28.10	27.40	27.10	24.70	70.30	1.70	0.00	0.00
145.00	28.00	27.50	27.10	24.70	69.60	1.70	0.00	0.00
145.10	28.00	27.50	27.10	24.70	69.80	2.00	0.00	0.00
145.20	28.20	27.60	27.20	24.90	69.60	1.70	0.00	0.00
145.30	28.10	27.60	27.10	24.80	69.80	1.90	0.00	0.00
145.40	28.10	27.60	27.10	24.80	69.80	1.90	0.00	0.00
145.50	28.20	27.50	27.10	24.70	69.50	1.70	0.00	0.00
145.60	28.10	27.50	27.10	24.80	69.90	1.70	0.00	0.00
145.70	28.10	27.50	27.10	24.80	69.60	1.70	0.00	0.00
145.80	28.10	27.60	27.10	24.80	69.30	2.20	0.00	0.00
145.90	28.20	27.60	27.30	25.00	69.30	1.70	0.00	0.00
146.00	28.20	27.60	27.30	25.00	69.60	1.90	0.00	0.00
146.10	28.20	27.50	27.20	24.90	69.80	2.00	0.00	0.00
146.20	28.20	27.60	27.20	24.90	69.60	1.60	0.00	0.00
146.30	28.20	27.60	27.20	24.90	69.60	1.60	0.00	0.00
146.40	28.10	27.50	27.10	24.80	69.60	2.00	0.00	0.00
146.50	28.20	27.50	27.10	24.80	69.90	1.70	0.00	0.00
146.60	28.20	27.50	27.10	24.80	69.90	3.30	0.00	0.00
146.70	28.20	27.60	27.20	24.80	69.00	1.90	0.00	0.00
146.80	28.10	27.50	27.20	24.70	69.30	1.70	0.00	0.00
146.90	28.10	27.50	27.20	24.70	69.50	1.60	0.00	0.00
147.00	28.10	27.60	27.10	24.80	69.80	1.90	0.00	0.00
147.10	28.00	27.40	27.10	24.80	69.90	1.70	0.00	0.00
147.20	28.00	27.40	27.10	24.80	69.90	1.70	0.00	0.00
147.30	28.10	27.50	27.30	24.80	70.10	1.90	0.00	0.00
147.40	28.20	27.50	27.10	24.80	69.60	1.90	0.00	0.00
147.50	28.20	27.50	27.10	24.80	69.80	2.00	0.00	0.00
147.60	28.10	27.50	27.10	24.70	69.80	2.20	0.00	0.00
147.70	28.10	27.60	27.20	24.80	69.60	1.90	0.00	0.00
147.80	28.10	27.60	27.20	24.80	69.30	1.70	0.00	0.00
147.90	28.20	27.50	27.10	24.70	69.60	1.70	0.00	0.00
148.00	28.10	27.60	27.20	24.80	69.50	1.90	0.00	0.00
148.10	28.10	27.60	27.20	24.80	69.50	1.90	0.00	0.00
148.20	28.10	27.50	27.10	24.80	69.80	1.90	0.00	0.00
148.30	28.10	27.50	27.10	24.80	69.30	2.20	0.00	0.00
148.40	28.20	27.50	27.10	24.80	69.80	1.70	0.00	0.00
148.50	28.10	27.60	27.10	24.80	69.90	2.40	0.00	0.00
148.60	28.10	27.60	27.10	24.80	69.50	1.90	0.00	0.00
148.70	28.10	27.50	27.10	24.70	69.30	1.70	0.00	0.00
148.80	28.20	27.50	27.10	24.80	69.50	1.70	0.00	0.00
148.90	28.20	27.50	27.10	24.80	69.60	2.50	0.00	0.00
149.00	28.20	27.50	27.10	24.80	69.60	2.50	0.00	0.00
149.10	28.20	27.50	27.10	24.80	69.90	1.70	0.00	0.00
149.20	28.20	27.50	27.10	24.80	69.60	2.00	0.00	0.00
149.30	28.10	27.50	27.00	24.80	69.80	1.40	0.00	0.00
149.40	28.00	27.40	27.00	24.60	69.90	1.90	0.00	0.00
149.50	28.00	27.40	27.00	24.60	69.60	1.70	0.00	0.00
149.60	28.00	27.50	27.00	24.70	69.60	2.00	0.00	0.00
149.70	28.00	27.50	27.00	24.70	69.60	2.00	0.00	0.00
149.80	28.20	27.60	27.20	24.80	69.60	1.90	0.00	0.00
149.90	28.10	27.50	27.20	24.90	69.50	1.70	0.00	0.00
150.00	28.10	27.50	27.20	24.90	69.60	1.40	0.00	0.00
150.10	28.00	27.50	27.10	24.70	69.80	1.90	0.00	0.00
150.20	28.10	27.60	27.20	24.80	69.90	2.00	0.00	0.00
150.30	28.10	27.60	27.20	24.80	69.30	1.90	0.00	0.00
150.40	28.10	27.60	27.10	24.80	69.60	1.90	0.00	0.00
150.50	28.10	27.40	26.90	24.80	69.80	1.90	0.00	0.00
150.60	28.10	27.40	26.90	24.80	69.50	1.90	0.00	0.00
150.70	28.10	27.40	27.10	24.70	69.20	1.70	0.00	0.00
150.80	28.10	27.40	27.10	24.70	69.20	1.70	0.00	0.00
150.90	28.00	27.60	27.00	24.80	69.20	1.70	0.00	0.00
151.00	28.10	27.60	27.10	24.90	69.50	1.70	0.00	0.00
151.10	28.10	27.60	27.10	24.90	69.20	2.20	0.00	0.00
151.20	28.10	27.60	27.20	24.80	69.80	1.90	0.00	0.00
151.30	28.10	27.50	27.20	24.90	69.20	1.90	0.00	0.00
151.40	28.10	27.50	27.20	24.90	69.80	2.50	0.00	0.00
151.50	28.10	27.60	27.20	24.70	69.60	2.20	0.00	0.00
151.60	28.10	27.60	27.20	24.70	69.30	1.70	0.00	0.00
151.70	28.20	27.70	27.30	24.90	69.30	1.70	0.00	0.00
151.80	28.20	27.50	27.10	24.70	69.30	1.70	0.00	0.00
151.90	28.20	27.50	27.10	24.70	69.50	1.90	0.00	0.00
152.00	28.10	27.50	27.10	24.70	69.60	2.00	0.00	0.00
152.10	28.10	27.50	27.10	24.90	69.90	1.60	0.00	0.00
152.20	28.10	27.50	27.10	24.90	69.80	1.70	0.00	0.00
152.30	28.00	27.50	27.20	24.80	69.80	1.70	0.00	0.00
152.40	28.10	27.50	27.20	24.80	69.80	1.70	0.00	0.00
152.50	28.10	27.50	27.20	24.80	69.90	1.60	0.00	0.00
152.60	28.00	27.50	27.00	24.80	69.30	1.70	0.00	0.00
152.70	28.20	27.60	27.20	24.90	69.60	1.60	0.00	0.00
152.80	28.20	27.60	27.20	24.90	69.60	1.60	0.00	0.00
152.90	28.00	27.30	27.00	24.70	69.50	1.70	0.00	0.00
153.00	28.00	27.50	27.10	24.70	69.30	1.90	0.00	0.00
153.10	28.00	27.50	27.10	24.70	69.50	1.60	0.00	0.00
153.20	28.20	27.50	27.10	24.80	69.30	2.20	0.00	0.00
153.30	28.00	27.30	27.00	24.60	69.50	2.20	0.00	0.00
153.40	28.00	27.30	27.00	24.60	69.30	1.60	0.00	0.00
153.50	28.10	27.50	27.10	24.70	69.80	1.70	0.00	0.00
153.60	28.10	27.50	27.10	24.70	69.60	2.40	0.00	0.00
153.70	28.10	27.50	27.20	24.90	69.60	2.40	0.00	0.00
153.80	28.00	27.50	27.10	24.70	69.60	2.40	0.00	0.00
153.90	28.00	27.50	27.10	24.70	70.10	1.40	0.00	0.00
154.00	28.00	27.50	27.10	24.90	69.80	2.00	0.00	0.00
154.10	28.00	27.50	27.10	24.90	69.60	1.70	0.00	0.00
154.20	28.00	27.50	27.10	24.70	69.80	2.00	0.00	0.00
154.30	28.10	27.60	27.10	24.80	69.80	1.60	0.00	0.00
154.40	28.10	27.50	27.00	24.70	69.30	2.00	0.00	0.00
154.50	28.10	27.50	27.00	24.70	69.50	1.70	0.00	0.00
154.60	28.00	27.50	27.10	24.80	69.60	2.00	0.00	0.00
154.70	28.00	27.50	27.10	24.80	69.60	2.00	0.00	0.00
154.80	28.20	27.60	27.10	24.80	69.80	1.70	0.00	0.00
154.90	28.10	27.50	27.10	24.90	69.50	2.00	0.00	0.00
155.00	28.10	27.50	27.10	24.90	69.30	1.90	0.00	0.00
155.10	28.20	27.50	27.10	24.80	69.80	1.90	0.00	0.00
155.20	28.00	27.60	27.10	24.80	69.60	1.60	0.00	0.00
155.30	28.00	27.60	27.10	24.80	69.30	1.90	0.00	0.00
155.40	28.20	27.70	27.20	24.80	69.60	1.40	0.00	0.00
155.50	28.00	27.50	27.10	24.70	69.50	2.20	0.00	0.00
155.60	28.00	27.50	27.10	24.70	69.50	2.20	0.00	0.00
155.70	27.90	27.50	27.10	24.70	69.60	1.70	0.00	0.00
155.80	27.90	27.50	27.10	24.70	69.90	1.60	0.00	0.00
155.90	28.00	27.50	27.10	24.80	69.30	1.90	0.00	0.00
156.00	28.10	27.70	27.10	24.90	69.80	1.60	0.00	0.00
156.10	28.00	27.50	27.00	24.80	69.20	1.90	0.00	0.00
156.20	28.00	27.50	27.00	24.80	68.60	1.70	0.00	0.00
156.30	28.10	27.40	26.90	24.60	69.60	1.90	0.00	0.00
156.40	28.10	27.40	26.90	24.60	69.80	1.90	0.00	0.00
156.50	28.10	27.60	27.20	24.80	69.80	1.90	0.00	0.00
156.60	28.00	27.50	27.20	24.80	69.80	1.60	0.00	0.00
156.70	28.00	27.50	27.20	24.80	69.30	2.00	0.00	0.00
156.80	28.10	27.60	27.10	24.70	69.60	2.00	0.00	0.00
156.90	28.00	27.60	27.10	24.70	69.80	1.70	0.00	0.00
157.00	28.00	27.60	27.10	24.70	70.10	1.70	0.00	0.00
157.10	27.90	27.40	27.00	24.70	69.90	1.90	0.00	0.00
157.20	28.20	27.60	27.00	24.90	69.60	1.90	0.00	0.00
157.30	28.20	27.60	27.00	24.90	69.50	1.60	0.00	0.00
157.40	28.10	27.60	27.10	24.90	69.50	1.60	0.00	0.00
157.50	28.10	27.50	27.10	24.90	69.30	1.90	0.00	0.00
