Ambient Temperature(C): 23.3
Ambient Pressure(in Hg): 29.5
Time(s)	T1(Deg C)	Wall Temp(Deg C)	Top Plate(Deg C)	Bottom Plate(Deg C)	P1(PSI)	P2(PSI)	Mass Flowrate(g/min)	Heater Energy (kJ)

0.00	33.10	33.50	31.80	28.50	0.80	1.70	0.00	0.00
0.10	33.30	33.70	31.90	28.60	0.80	1.70	0.00	0.00
0.20	33.20	33.50	31.90	28.50	1.00	1.70	0.00	0.00
0.30	33.20	33.50	31.90	28.50	0.80	1.60	0.00	0.00
0.40	33.20	33.60	31.80	28.40	1.10	1.90	0.00	0.00
0.50	33.20	33.60	31.80	28.40	0.70	1.70	0.00	0.00
0.60	33.10	33.60	31.80	28.50	1.10	1.60	0.00	0.00
0.70	33.20	33.60	31.70	28.50	0.80	1.10	0.00	0.00
0.80	33.20	33.60	31.70	28.50	0.70	1.90	0.00	0.00
0.90	33.30	33.70	32.00	28.50	1.00	2.00	0.00	0.00
1.00	33.10	33.60	31.80	28.50	1.00	2.00	0.00	0.00
1.10	33.10	33.60	31.80	28.50	1.00	2.00	0.00	0.00
1.20	33.20	33.60	31.80	28.40	1.00	1.60	0.00	0.00
1.30	33.10	33.60	31.90	28.40	1.30	1.60	0.00	0.00
1.40	33.10	33.60	31.90	28.40	1.10	1.70	0.00	0.00
1.50	33.10	33.60	31.80	28.50	1.00	1.70	0.00	0.00
1.60	33.20	33.50	31.90	28.50	1.10	1.90	0.00	0.00
1.70	33.20	33.50	31.90	28.50	0.70	1.70	0.00	0.00
1.80	33.20	33.60	31.90	28.60	1.00	1.70	0.00	0.00
1.90	33.30	33.70	31.90	28.50	0.80	1.70	0.00	0.00
2.00	33.30	33.70	31.90	28.50	0.80	1.70	0.00	0.00
2.10	33.30	33.70	31.90	28.50	1.30	1.70	0.00	0.00
2.20	33.30	33.70	31.90	28.50	1.30	-0.10	0.00	0.00
2.30	33.20	33.60	31.90	28.50	1.00	1.40	0.00	0.00
2.40	33.20	33.60	31.90	28.50	0.50	2.00	0.00	0.00
2.50	33.20	33.50	31.80	28.40	0.40	1.30	0.00	0.00
2.60	33.20	33.60	31.80	28.40	1.00	1.90	0.00	0.00
2.70	33.20	33.60	31.80	28.40	0.70	1.90	0.00	0.00
2.80	33.30	33.60	31.90	28.50	1.00	2.00	0.00	0.00
2.90	33.30	33.60	31.90	28.50	-0.30	1.90	0.00	0.00
3.00	33.10	33.60	31.80	28.30	-0.30	1.90	0.00	0.00
3.10	33.30	33.60	31.90	28.50	1.30	1.60	0.00	0.00
3.20	33.30	33.60	31.90	28.50	0.80	1.70	0.00	0.00
3.30	33.20	33.60	31.90	28.40	0.80	1.90	0.00	0.00
3.40	33.20	33.60	31.90	28.50	0.70	1.60	0.00	0.00
3.50	33.20	33.60	31.90	28.50	1.10	1.40	0.00	0.00
3.60	33.00	33.40	31.60	28.30	0.80	1.90	0.00	0.00
3.70	33.30	33.50	32.00	28.60	0.50	1.70	0.00	0.00
3.80	33.30	33.50	32.00	28.60	1.10	1.40	0.00	0.00
3.90	33.10	33.60	31.80	28.50	1.10	1.40	0.00	0.00
4.00	33.10	33.60	31.80	28.50	1.30	1.30	0.00	0.00
4.10	33.20	33.60	31.90	28.50	1.00	1.70	0.00	0.00
4.20	33.30	33.60	31.90	28.50	0.80	1.90	0.00	0.00
4.30	33.30	33.60	31.90	28.50	0.80	1.90	0.00	0.00
4.40	33.20	33.60	31.90	28.40	0.70	1.70	0.00	0.00
4.50	33.20	33.60	31.90	28.50	0.80	1.60	0.00	0.00
4.60	33.20	33.60	31.90	28.50	1.10	1.60	0.00	0.00
4.70	33.10	33.60	31.90	28.60	1.00	1.70	0.00	0.00
4.80	33.30	33.60	31.90	28.50	0.80	2.00	0.00	0.00
4.90	33.30	33.60	31.90	28.50	0.80	2.00	0.00	0.00
5.00	33.10	33.50	31.90	28.50	1.00	1.70	0.00	0.00
5.10	33.30	33.60	31.90	28.50	1.00	1.60	0.00	0.00
5.20	33.30	33.60	31.90	28.50	1.10	2.20	0.00	0.00
5.30	33.30	33.70	32.00	28.60	0.80	1.90	0.00	0.00
5.40	33.30	33.70	32.00	28.50	1.10	1.90	0.00	0.00
5.50	33.30	33.70	32.00	28.50	1.00	1.90	0.00	0.00
5.60	33.20	33.60	31.90	28.50	1.30	1.30	0.00	0.00
5.70	33.40	33.50	31.90	28.50	1.00	1.70	0.00	0.00
5.80	33.40	33.50	31.90	28.50	1.00	1.70	0.00	0.00
5.90	33.30	33.60	31.90	28.50	1.00	1.60	0.00	0.00
6.00	33.30	33.60	31.90	28.50	1.00	2.00	0.00	0.00
6.10	33.30	33.60	31.90	28.50	1.30	1.60	0.00	0.00
6.20	33.30	33.60	31.90	28.60	1.30	1.70	0.00	0.00
6.30	33.30	33.60	31.90	28.60	1.00	1.10	0.00	0.00
6.40	33.30	33.70	31.90	28.60	0.80	1.30	0.00	0.00
6.50	33.30	33.50	31.80	28.50	0.80	1.90	0.00	0.00
6.60	33.30	33.50	31.80	28.50	0.50	1.40	0.00	0.00
6.70	33.20	33.60	31.80	28.50	0.50	1.40	0.00	0.00
6.80	33.20	33.50	31.80	28.60	1.40	1.90	0.00	0.00
6.90	33.20	33.50	31.80	28.60	1.10	1.90	0.00	0.00
7.00	33.30	33.60	31.90	28.50	1.10	2.00	0.00	0.00
7.10	33.30	33.60	31.90	28.50	1.00	1.70	0.00	0.00
7.20	33.30	33.70	31.90	28.40	0.80	1.40	0.00	0.00
7.30	33.40	33.60	31.90	28.60	1.00	1.70	0.00	0.00
7.40	33.40	33.60	31.90	28.60	1.00	1.70	0.00	0.00
7.50	33.20	33.50	31.90	28.50	0.70	1.40	0.00	0.00
7.60	33.30	33.70	31.90	28.60	1.10	1.90	0.00	0.00
7.70	33.30	33.70	31.90	28.60	1.10	1.90	0.00	0.00
7.80	33.30	33.60	31.90	28.50	1.10	1.70	0.00	0.00
7.90	33.30	33.60	31.90	28.50	1.00	1.40	0.00	0.00
8.00	33.30	33.50	31.90	28.40	0.80	2.00	0.00	0.00
8.10	33.40	33.60	31.90	28.30	1.10	2.00	0.00	0.00
8.20	33.40	33.60	31.90	28.30	1.10	2.00	0.00	0.00
8.30	33.30	33.70	31.90	28.50	1.00	1.90	0.00	0.00
8.40	33.10	33.40	31.80	28.40	1.30	1.60	0.00	0.00
8.50	33.10	33.40	31.80	28.40	1.00	2.20	0.00	0.00
8.60	33.30	33.60	31.90	28.50	1.00	2.20	0.00	0.00
8.70	33.20	33.60	32.00	28.50	1.00	1.60	0.00	0.00
8.80	33.20	33.60	32.00	28.50	0.70	1.70	0.00	0.00
8.90	33.30	33.60	32.00	28.50	1.30	2.20	0.00	0.00
9.00	33.30	33.40	31.90	28.60	1.00	1.70	0.00	0.00
9.10	33.30	33.40	31.90	28.60	1.10	1.70	0.00	0.00
9.20	33.40	33.50	31.70	28.50	1.00	2.00	0.00	0.00
9.30	33.30	33.60	31.90	28.50	0.50	1.60	0.00	0.00
9.40	33.30	33.60	31.90	28.50	1.10	1.40	0.00	0.00
9.50	33.30	33.60	31.90	28.60	1.10	2.20	0.00	0.00
9.60	33.30	33.60	31.90	28.60	1.10	2.20	0.00	0.00
9.70	33.30	33.50	31.80	28.50	1.30	1.40	0.00	0.00
9.80	33.20	33.60	31.80	28.50	1.10	1.90	0.00	0.00
9.90	33.20	33.60	31.80	28.50	0.80	1.60	0.00	0.00
10.00	33.20	33.60	31.90	28.60	1.40	1.90	0.00	0.00
10.10	33.20	33.60	31.90	28.50	1.10	2.00	0.00	0.00
10.20	33.30	33.60	31.90	28.60	1.10	1.70	0.00	0.00
10.30	33.30	33.60	31.90	28.60	1.30	1.60	0.00	0.00
10.40	33.40	33.60	31.90	28.40	1.10	1.70	0.00	0.00
10.50	33.40	33.60	31.90	28.40	1.10	1.70	0.00	0.00
10.60	33.40	33.60	31.90	28.50	1.30	1.60	0.00	0.00
10.70	33.20	33.40	31.80	28.50	0.80	2.20	0.00	0.00
10.80	33.20	33.40	31.80	28.50	1.10	1.60	0.00	0.00
10.90	33.20	33.50	31.80	28.40	0.70	2.20	0.00	0.00
11.00	33.20	33.60	31.90	28.70	1.30	1.70	0.00	0.00
11.10	33.20	33.60	31.90	28.70	0.50	1.70	0.00	0.00
11.20	33.20	33.50	31.80	28.50	0.80	1.90	0.00	0.00
11.30	33.30	33.50	31.80	28.50	1.00	1.70	0.00	0.00
11.40	33.30	33.50	31.80	28.50	0.80	1.70	0.00	0.00
11.50	33.20	33.50	31.80	28.50	1.00	1.90	0.00	0.00
11.60	33.30	33.50	31.80	28.50	1.00	1.90	0.00	0.00
11.70	33.30	33.50	31.80	28.50	1.40	1.40	0.00	0.00
11.80	33.30	33.50	31.80	28.50	1.00	1.60	0.00	0.00
11.90	33.30	33.50	31.80	28.50	1.00	1.30	0.00	0.00
12.00	33.30	33.50	31.80	28.50	1.10	0.70	0.00	0.00
12.10	33.20	33.50	31.80	28.50	1.00	1.70	0.00	0.00
12.20	33.20	33.50	31.80	28.50	1.00	1.90	0.00	0.00
12.30	33.20	33.50	31.80	28.60	1.40	1.60	0.00	0.00
12.40	33.20	33.50	31.70	28.50	1.10	1.70	0.00	0.00
12.50	33.20	33.50	31.70	28.50	1.10	1.70	0.00	0.00
12.60	33.20	33.50	32.00	28.50	1.40	1.40	0.00	0.00
12.70	33.30	33.50	31.90	28.60	1.10	1.90	0.00	0.00
12.80	33.30	33.50	31.90	28.60	0.80	1.70	0.00	0.00
12.90	33.30	33.60	31.90	28.50	1.30	1.90	0.00	0.00
13.00	33.20	33.50	31.80	28.50	1.10	2.70	0.00	0.00
13.10	33.20	33.50	31.80	28.50	2.20	2.20	0.00	0.00
13.20	31.80	33.60	31.90	28.50	3.40	2.80	0.00	0.00
13.30	33.90	33.50	32.00	28.60	3.60	2.80	0.00	0.00
13.40	33.90	33.50	32.00	28.60	3.60	2.80	0.00	0.00
13.50	34.40	33.50	31.90	28.40	3.60	2.20	0.00	0.00
13.60	34.40	33.50	31.80	28.40	3.70	2.70	0.00	0.00
13.70	34.40	33.50	31.80	28.40	3.70	2.40	0.00	0.00
13.80	34.50	33.60	31.90	28.50	3.70	0.20	0.00	0.00
13.90	34.40	33.60	31.80	28.50	3.40	2.40	0.00	0.00
14.00	34.40	33.60	31.80	28.50	3.10	2.70	0.00	0.00
14.10	34.60	33.80	32.10	28.70	3.10	2.70	0.00	0.00
14.20	34.60	33.80	32.10	28.70	3.60	2.50	0.00	0.00
14.30	34.20	33.60	31.80	28.60	3.60	2.50	0.00	0.00
14.40	34.20	33.60	31.90	28.60	3.30	2.70	0.00	0.00
14.50	34.20	33.60	31.90	28.60	3.10	1.90	0.00	0.00
14.60	34.10	33.50	31.70	28.50	3.00	2.50	0.00	0.00
14.70	34.10	33.50	31.70	28.50	3.40	2.20	0.00	0.00
14.80	33.90	33.40	31.80	28.50	3.40	2.20	-0.01	0.00
14.90	33.80	33.50	31.80	28.40	3.40	2.50	0.00	0.00
15.00	33.80	33.50	31.80	28.40	3.60	2.70	-0.01	0.00
15.10	33.80	33.50	31.80	28.50	3.60	2.00	0.00	0.00
15.20	33.70	33.50	31.80	28.60	3.30	2.40	-0.01	0.00
15.30	33.70	33.50	31.80	28.60	3.30	2.40	-0.01	0.00
15.40	33.60	33.60	31.90	28.50	2.80	2.20	0.45	0.00
15.50	33.60	33.60	31.90	28.50	3.30	2.00	2.07	0.00
15.60	33.70	33.50	31.90	28.60	3.40	2.40	4.61	0.00
15.70	33.80	33.60	31.90	28.50	3.40	2.70	7.52	0.00
15.80	33.80	33.60	31.90	28.50	3.70	2.50	10.17	0.00
15.90	33.70	33.70	31.90	28.50	3.60	2.00	12.49	0.00
16.00	33.70	33.40	31.80	28.30	3.60	2.00	14.60	0.00
16.10	33.70	33.40	31.80	28.30	3.60	2.00	16.28	0.00
16.20	33.80	33.60	32.00	28.70	3.60	2.00	17.27	0.00
16.30	33.90	33.60	31.90	28.60	3.40	2.50	17.69	0.00
16.40	33.90	33.60	31.90	28.60	3.40	2.40	17.96	0.00
16.50	33.90	33.50	31.90	28.50	3.90	2.40	18.23	0.00
16.60	33.80	33.40	31.70	28.50	4.20	2.20	18.80	0.00
16.70	33.80	33.40	31.70	28.50	3.60	2.20	19.93	0.00
16.80	34.00	33.50	31.90	28.60	3.70	2.70	21.16	0.00
16.90	34.00	33.50	31.90	28.60	3.60	1.90	22.54	0.00
17.00	34.10	33.50	31.90	28.60	3.60	1.90	23.87	0.00
17.10	34.10	33.40	31.80	28.40	5.10	2.00	25.46	0.00
17.20	34.10	33.40	31.80	28.40	5.10	2.00	26.97	0.00
17.30	34.20	33.50	31.90	28.50	4.00	2.00	28.75	0.00
17.40	34.20	33.60	31.80	28.60	4.20	2.20	30.48	0.00
17.50	34.20	33.60	31.80	28.60	3.90	2.50	32.17	0.00
17.60	34.30	33.40	31.90	28.50	4.20	2.00	33.53	0.00
17.70	34.40	33.60	31.90	28.50	4.20	2.20	34.71	0.00
17.80	34.40	33.60	31.90	28.50	4.50	2.20	35.83	0.00
17.90	34.30	33.40	31.80	28.40	4.50	2.20	36.63	0.00
18.00	34.70	33.60	31.80	28.60	4.80	2.50	37.28	0.00
18.10	34.70	33.60	31.80	28.60	5.00	2.40	37.72	0.00
18.20	34.50	33.40	31.80	28.40	5.00	2.40	37.81	0.00
18.30	34.90	33.60	32.00	28.60	5.10	2.70	37.95	0.00
18.40	34.90	33.60	32.00	28.60	5.00	1.90	38.09	0.00
18.50	34.80	33.40	31.90	28.60	5.00	2.40	38.16	0.00
18.60	34.80	33.60	31.90	28.50	5.10	2.40	38.27	0.00
18.70	34.80	33.60	31.90	28.50	4.80	2.20	38.52	0.00
18.80	34.90	33.40	31.80	28.50	5.10	2.00	38.94	0.00
18.90	34.90	33.40	31.80	28.50	5.70	2.50	39.52	0.00
19.00	34.90	33.60	31.80	28.50	5.70	2.40	40.00	0.00
19.10	34.90	33.60	31.80	28.50	5.70	2.40	40.34	0.00
19.20	35.00	33.50	31.80	28.50	5.70	2.40	40.56	0.00
19.30	35.00	33.60	31.90	28.50	5.70	2.50	40.85	0.00
19.40	35.00	33.60	31.90	28.50	5.40	2.70	41.52	0.00
19.50	35.00	33.30	31.80	28.40	5.70	2.00	42.49	0.00
19.60	35.10	33.40	31.80	28.50	6.70	2.40	43.25	0.00
19.70	35.10	33.40	31.80	28.50	6.50	2.20	44.07	0.00
19.80	35.30	33.50	31.80	28.50	6.20	2.50	45.23	0.00
19.90	35.20	33.40	31.80	28.40	6.40	2.70	46.96	0.00
20.00	35.20	33.40	31.80	28.40	6.80	2.00	48.85	0.00
20.10	35.40	33.50	31.90	28.60	6.80	2.00	50.11	0.00
20.20	35.30	33.60	31.80	28.60	6.80	2.50	50.72	0.00
20.30	35.30	33.60	31.80	28.60	7.10	2.00	51.07	0.00
20.40	35.60	33.50	31.90	28.60	6.80	2.20	51.16	0.00
20.50	35.50	33.30	31.70	28.40	7.00	1.90	51.15	0.00
20.60	35.50	33.30	31.70	28.40	7.00	2.20	51.13	0.00
20.70	35.50	33.40	31.80	28.40	7.70	2.00	51.03	0.00
20.80	35.50	33.40	31.80	28.40	7.70	2.50	50.98	0.00
20.90	35.40	33.50	31.80	28.50	7.70	2.20	50.94	0.00
21.00	35.60	33.40	31.80	28.50	7.40	2.40	50.86	0.00
21.10	35.60	33.40	31.80	28.50	8.20	1.90	50.85	0.00
21.20	35.50	33.50	31.70	28.40	8.00	2.20	50.82	0.00
21.30	35.70	33.40	31.80	28.40	8.00	1.90	50.78	0.00
21.40	35.70	33.40	31.80	28.40	8.70	2.20	50.72	0.00
21.50	35.90	33.50	31.80	28.50	8.20	2.50	50.65	0.00
21.60	35.70	33.50	31.90	28.50	8.50	2.20	50.66	0.00
21.70	35.70	33.50	31.90	28.50	8.50	1.90	50.57	0.00
21.80	35.90	33.50	31.90	28.50	9.00	2.20	50.33	0.00
21.90	35.90	33.30	31.90	28.40	8.70	2.40	49.98	0.00
22.00	35.90	33.30	31.90	28.40	8.70	2.40	49.65	0.00
22.10	36.00	33.50	31.90	28.50	8.50	2.40	49.49	0.00
22.20	36.00	33.50	31.80	28.40	9.40	2.50	49.41	0.00
22.30	36.00	33.50	31.80	28.40	9.10	2.40	49.35	0.00
22.40	35.90	33.40	31.90	28.50	9.00	2.20	49.31	0.00
22.50	35.90	33.50	31.80	28.30	9.40	2.40	49.33	0.00
22.60	35.90	33.50	31.80	28.30	9.30	2.20	49.28	0.00
22.70	36.00	33.60	31.90	28.50	9.40	1.60	49.28	0.00
22.80	36.10	33.40	31.90	28.50	9.70	2.40	49.25	0.00
22.90	36.10	33.40	31.90	28.50	10.10	2.50	49.23	0.00
23.00	36.10	33.40	31.90	28.50	9.90	2.00	49.22	0.00
23.10	36.10	33.40	31.80	28.50	10.40	2.70	49.21	0.00
23.20	36.10	33.40	31.80	28.50	9.90	2.40	49.16	0.00
23.30	36.10	33.50	31.90	28.50	10.10	2.20	49.16	0.00
23.40	36.20	33.50	31.90	28.60	10.20	2.40	49.22	0.00
23.50	36.20	33.50	31.90	28.60	10.70	2.50	49.44	0.00
23.60	36.40	33.50	31.90	28.50	10.70	2.80	49.68	0.00
23.70	36.40	33.50	31.90	28.50	10.70	2.00	49.89	0.00
23.80	36.20	33.50	31.80	28.50	10.70	2.50	49.98	0.00
23.90	36.10	33.40	31.80	28.50	10.70	2.50	50.19	0.00
24.00	36.10	33.40	31.80	28.50	11.30	2.20	50.27	0.00
24.10	36.20	33.50	31.80	28.50	11.40	2.40	50.26	0.00
24.20	36.20	33.50	31.80	28.50	11.70	2.20	50.28	0.00
24.30	36.20	33.50	31.80	28.50	11.30	2.20	50.25	0.00
24.40	36.30	33.50	31.80	28.70	11.00	2.00	50.25	0.00
24.50	36.30	33.50	31.80	28.70	11.60	1.70	50.26	0.00
24.60	36.30	33.40	31.90	28.50	12.10	2.70	50.21	0.00
24.70	36.40	33.30	31.90	28.70	11.90	2.50	50.17	0.00
24.80	36.40	33.30	31.90	28.70	11.90	2.50	50.15	0.00
24.90	36.20	33.40	31.80	28.50	11.60	2.40	50.14	0.00
25.00	36.40	33.40	31.90	28.50	12.20	2.20	50.08	0.00
25.10	36.40	33.40	31.90	28.50	12.20	1.60	50.08	0.00
25.20	36.40	33.50	32.00	28.50	12.20	1.90	50.10	0.00
25.30	36.30	33.50	31.80	28.60	12.80	1.90	50.05	0.00
25.40	36.30	33.50	31.80	28.60	12.50	2.50	50.00	0.00
25.50	36.40	33.40	31.90	28.60	12.40	2.40	50.00	0.00
25.60	36.40	33.40	31.90	28.60	13.70	1.90	49.98	0.00
25.70	36.30	33.40	31.80	28.50	13.10	2.20	49.92	0.00
25.80	36.40	33.30	31.70	28.50	13.10	2.20	49.94	0.00
25.90	36.40	33.30	31.70	28.50	13.60	2.50	49.91	0.00
26.00	36.50	33.50	31.90	28.60	13.60	1.90	49.82	0.00
26.10	36.50	33.50	31.90	28.60	13.10	2.20	49.85	0.00
26.20	36.50	33.40	31.80	28.50	13.70	2.70	49.80	0.00
26.30	36.50	33.40	31.80	28.50	12.10	2.50	49.81	0.00
26.40	36.50	33.40	31.80	28.50	13.90	2.70	49.83	0.00
26.50	36.60	33.40	31.90	28.50	14.20	2.50	49.78	0.00
26.60	36.50	33.50	31.90	28.50	14.20	1.10	49.76	0.00
26.70	36.50	33.50	31.90	28.50	14.10	2.20	49.74	0.00
26.80	36.50	33.50	31.90	28.60	13.90	2.20	49.73	0.00
26.90	36.50	33.50	31.90	28.60	14.40	2.70	49.69	0.00
27.00	36.50	33.40	31.80	28.40	14.20	3.10	49.66	0.00
27.10	36.40	33.50	31.80	28.40	14.40	0.40	49.72	0.00
27.20	36.40	33.50	31.80	28.40	14.20	2.50	49.65	0.00
27.30	36.50	33.50	31.90	28.50	14.70	2.70	49.69	0.00
27.40	36.40	33.30	31.70	28.50	14.40	1.70	49.67	0.00
27.50	36.40	33.30	31.70	28.50	14.80	2.40	49.56	0.00
27.60	36.60	33.50	31.90	28.50	14.80	2.40	49.57	0.00
27.70	36.70	33.50	32.00	28.40	14.80	2.40	49.57	0.00
27.80	36.70	33.50	32.00	28.40	15.40	1.90	49.63	0.00
27.90	36.70	33.40	31.90	28.60	15.70	2.20	49.81	0.00
28.00	36.50	33.40	31.80	28.50	15.30	2.50	49.98	0.00
28.10	36.50	33.40	31.80	28.50	14.80	2.40	50.12	0.00
28.20	36.60	33.50	31.90	28.60	15.40	1.90	50.23	0.00
28.30	36.50	33.40	31.80	28.50	15.90	2.50	50.23	0.00
28.40	36.50	33.40	31.80	28.50	16.10	2.50	50.25	0.00
28.50	36.60	33.40	31.90	28.50	16.10	2.20	50.24	0.00
28.60	36.50	33.40	31.80	28.40	15.90	2.20	50.17	0.00
28.70	36.50	33.40	31.80	28.40	15.90	2.20	50.17	0.00
28.80	36.50	33.40	31.80	28.40	16.40	2.20	50.13	0.00
28.90	36.60	33.50	31.80	28.40	16.50	2.40	50.13	0.00
29.00	36.60	33.50	31.80	28.40	17.00	2.20	50.12	0.00
29.10	36.80	33.50	31.80	28.50	17.00	2.40	50.08	0.00
29.20	36.80	33.50	31.80	28.50	16.80	2.20	50.04	0.00
29.30	36.60	33.30	31.70	28.50	17.00	1.90	50.07	0.00
29.40	36.50	33.30	31.90	28.40	16.80	2.20	49.96	0.00
29.50	36.50	33.30	31.90	28.40	17.40	2.00	49.99	0.00
29.60	36.60	33.50	31.90	28.50	17.40	2.00	50.00	0.00
29.70	36.60	33.50	31.80	28.50	16.80	2.40	49.95	0.00
29.80	36.60	33.50	31.80	28.50	17.60	2.00	49.94	0.00
29.90	36.70	33.40	31.90	28.60	17.40	2.00	49.94	0.00
30.00	36.60	33.40	31.80	28.40	17.30	2.40	49.89	0.00
30.10	36.60	33.40	31.80	28.40	18.10	2.00	49.87	0.00
30.20	36.70	33.50	31.90	28.50	17.60	2.00	49.83	0.00
30.30	36.70	33.40	31.80	28.50	18.10	2.40	49.78	0.00
30.40	36.70	33.40	31.80	28.50	18.40	2.20	49.79	0.00
30.50	36.70	33.40	31.80	28.50	18.40	2.20	49.80	0.00
30.60	36.80	33.50	31.80	28.50	18.70	2.70	49.75	0.00
30.70	36.80	33.50	31.80	28.50	18.70	2.40	49.70	0.00
30.80	36.90	33.50	31.90	28.60	18.40	2.20	49.70	0.00
30.90	36.90	33.50	31.90	28.60	19.10	2.00	49.72	0.00
31.00	36.80	33.40	31.80	28.40	18.80	2.40	49.67	0.00
31.10	36.80	33.50	31.80	28.50	18.80	2.80	49.72	0.00
31.20	36.70	33.40	31.80	28.50	19.10	2.00	49.70	0.00
31.30	36.70	33.40	31.80	28.50	19.10	2.80	49.70	0.00
31.40	36.80	33.40	31.90	28.40	19.10	2.40	49.70	0.00
31.50	36.80	33.40	31.90	28.40	19.10	2.40	49.87	0.00
31.60	36.80	33.50	31.80	28.50	19.10	2.50	50.13	0.00
31.70	36.80	33.40	31.80	28.50	19.60	2.40	50.27	0.00
31.80	36.80	33.40	31.80	28.50	19.60	2.20	50.34	0.00
31.90	36.80	33.40	31.80	28.50	19.80	2.00	50.33	0.00
32.00	36.80	33.50	31.80	28.50	19.60	2.50	50.32	0.00
32.10	36.80	33.50	31.80	28.50	19.60	2.40	50.26	0.00
32.20	36.80	33.40	31.80	28.40	20.10	1.90	50.24	0.00
32.30	36.70	33.40	31.80	28.40	20.10	1.90	50.18	0.00
32.40	36.70	33.40	31.80	28.40	20.10	1.90	50.21	0.00
32.50	36.80	33.50	31.90	28.50	20.40	1.90	50.17	0.00
32.60	36.80	33.40	31.90	28.50	20.40	2.70	50.15	0.00
32.70	36.80	33.40	31.90	28.50	20.70	2.00	50.15	0.00
32.80	36.90	33.40	31.80	28.40	20.70	2.00	50.12	0.00
32.90	37.00	33.60	31.90	28.60	21.00	2.40	50.14	0.00
33.00	37.00	33.60	31.90	28.60	21.10	2.50	50.07	0.00
33.10	36.90	33.40	31.80	28.50	21.00	1.90	50.02	0.00
33.20	36.80	33.40	31.80	28.40	21.40	2.20	49.99	0.00
33.30	36.80	33.40	31.80	28.40	21.40	2.20	49.98	0.00
33.40	36.90	33.30	31.70	28.30	21.80	2.20	49.95	0.00
33.50	36.90	33.30	31.70	28.30	21.40	2.50	49.96	0.00
33.60	36.90	33.40	31.80	28.50	21.90	2.00	49.89	0.00
33.70	36.90	33.30	31.70	28.40	21.40	2.70	49.89	0.00
33.80	36.90	33.30	31.70	28.40	22.20	2.20	49.81	0.00
33.90	37.10	33.50	31.90	28.60	22.10	2.50	49.88	0.00
34.00	37.00	33.50	31.90	28.60	22.40	2.00	49.88	0.00
34.10	37.00	33.50	31.90	28.60	22.10	2.50	49.81	0.00
34.20	36.90	33.40	31.80	28.40	21.80	2.20	49.79	0.00
34.30	36.80	33.30	31.60	28.40	21.80	2.20	49.80	0.00
34.40	36.80	33.30	31.60	28.40	22.10	1.90	49.80	0.00
34.50	36.90	33.50	31.90	28.50	22.80	2.70	49.79	0.00
34.60	36.90	33.50	31.90	28.50	22.50	2.20	49.78	0.00
34.70	37.00	33.50	31.90	28.60	23.30	2.40	49.73	0.00
34.80	36.90	33.40	31.90	28.50	23.10	2.70	49.70	0.00
34.90	36.90	33.40	31.90	28.50	23.30	2.40	49.69	0.00
35.00	37.00	33.50	31.90	28.50	23.40	2.20	49.69	0.00
35.10	37.10	33.40	31.80	28.50	23.10	2.20	49.62	0.00
35.20	37.10	33.40	31.80	28.50	23.10	2.20	49.69	0.00
35.30	36.90	33.30	31.90	28.40	23.30	1.70	50.02	0.00
35.40	36.90	33.30	31.80	28.50	23.30	1.70	50.19	0.00
35.50	36.90	33.30	31.80	28.50	23.60	2.20	50.25	0.00
35.60	37.00	33.40	31.90	28.50	23.90	2.20	50.30	0.00
35.70	37.10	33.40	31.70	28.50	23.60	2.00	50.27	0.00
35.80	37.10	33.40	31.70	28.50	24.20	2.50	50.25	0.00
35.90	37.00	33.40	31.90	28.50	23.90	2.20	50.21	0.00
36.00	37.00	33.40	31.90	28.50	25.00	1.90	50.17	0.00
36.10	37.10	33.30	31.80	28.50	24.20	2.50	50.19	0.00
36.20	37.10	33.40	31.80	28.50	24.20	2.50	50.15	0.00
36.30	37.10	33.40	31.80	28.50	24.40	2.00	50.12	0.00
36.40	37.00	33.50	31.90	28.50	25.00	2.00	50.07	0.00
36.50	37.00	33.50	31.90	28.50	24.80	1.90	50.10	0.00
36.60	37.00	33.40	31.90	28.60	24.70	2.00	50.05	0.00
36.70	37.00	33.40	31.90	28.50	25.10	2.50	50.04	0.00
36.80	37.00	33.40	31.90	28.50	24.80	1.90	50.01	0.00
36.90	37.20	33.60	31.90	28.60	25.60	2.20	49.91	0.00
37.00	37.00	33.40	31.80	28.50	25.00	2.40	49.98	0.00
37.10	37.00	33.40	31.80	28.50	26.50	2.00	49.89	0.00
37.20	36.90	33.40	32.00	28.60	26.50	2.00	49.88	0.00
37.30	37.10	33.40	31.90	28.50	24.20	2.70	49.89	0.00
37.40	37.10	33.40	31.90	28.50	25.60	2.00	49.89	0.00
37.50	37.00	33.40	31.90	28.50	25.80	2.20	49.78	0.00
37.60	37.10	33.40	31.80	28.40	26.20	2.40	49.75	0.00
37.70	37.10	33.40	31.80	28.40	25.60	2.70	49.81	0.00
37.80	37.10	33.30	31.80	28.40	26.40	2.50	49.76	0.00
37.90	37.10	33.30	31.80	28.40	26.50	1.90	49.75	0.00
38.00	37.10	33.40	31.80	28.40	26.20	2.80	49.69	0.00
38.10	37.00	33.40	31.90	28.50	26.20	2.80	49.75	0.00
38.20	37.00	33.40	31.90	28.50	26.40	2.50	49.73	0.00
38.30	37.00	33.40	31.90	28.60	26.50	2.70	49.70	0.00
38.40	37.00	33.40	31.80	28.50	26.80	2.40	49.67	0.00
38.50	37.00	33.40	31.80	28.50	27.30	2.40	49.68	0.00
38.60	37.10	33.50	31.90	28.50	27.30	2.70	49.62	0.00
38.70	37.00	33.40	31.80	28.50	27.00	2.50	49.60	0.00
38.80	37.00	33.40	31.80	28.50	27.60	2.20	49.59	0.00
38.90	37.10	33.40	31.90	28.40	27.60	2.00	49.59	0.00
39.00	37.00	33.30	31.80	28.50	27.30	1.90	49.95	0.00
39.10	37.00	33.30	31.80	28.50	27.90	2.40	50.11	0.00
39.20	37.20	33.40	31.80	28.50	27.50	2.00	50.28	0.00
39.30	37.10	33.40	31.70	28.40	29.00	1.70	50.43	0.00
39.40	37.10	33.40	31.70	28.40	28.10	2.00	50.54	0.00
39.50	37.20	33.50	31.90	28.60	28.10	2.40	50.44	0.00
39.60	37.10	33.40	31.80	28.50	28.50	2.50	50.50	0.00
39.70	37.10	33.40	31.80	28.50	28.50	1.90	50.50	0.00
39.80	37.30	33.30	31.90	28.40	28.40	2.40	50.50	0.00
39.90	37.10	33.40	31.80	28.50	28.40	2.40	50.46	0.00
40.00	37.10	33.40	31.80	28.50	28.40	2.40	50.38	0.00
40.10	37.10	33.30	31.80	28.40	29.00	1.90	50.31	0.00
40.20	37.10	33.30	31.80	28.40	29.00	2.40	50.37	0.00
40.30	37.30	33.50	31.90	28.60	28.80	2.00	50.25	0.00
40.40	37.10	33.30	31.80	28.50	29.00	2.00	50.30	0.00
40.50	37.10	33.30	31.80	28.50	29.30	2.50	50.23	0.00
40.60	37.20	33.40	31.80	28.50	29.80	1.40	50.17	0.00
40.70	37.30	33.40	31.80	28.50	29.30	2.40	50.18	0.00
40.80	37.30	33.40	31.80	28.50	29.30	2.40	50.07	0.00
40.90	37.10	33.50	31.90	28.50	29.30	2.40	50.04	0.00
41.00	37.20	33.40	31.90	28.60	30.10	2.20	50.04	0.00
41.10	37.20	33.40	31.90	28.60	29.90	2.70	50.02	0.00
41.20	37.10	33.40	31.80	28.50	29.90	2.20	50.01	0.00
41.30	37.10	33.40	31.80	28.50	30.20	2.80	49.96	0.00
41.40	37.30	33.50	31.90	28.50	30.70	2.00	49.86	0.00
41.50	37.30	33.50	32.00	28.60	30.20	2.70	49.88	0.00
41.60	37.30	33.50	32.00	28.60	30.40	2.40	49.92	0.00
41.70	37.20	33.40	31.90	28.60	30.70	1.90	49.78	0.00
41.80	37.10	33.40	31.80	28.50	30.40	2.40	49.79	0.00
41.90	37.10	33.40	31.80	28.50	30.40	2.40	49.69	0.00
42.00	37.10	33.30	31.90	28.40	30.70	1.90	49.72	0.00
42.10	37.20	33.30	31.80	28.50	30.50	2.40	49.68	0.00
42.20	37.20	33.30	31.80	28.50	29.60	2.40	49.66	0.00
42.30	37.10	33.40	31.90	28.50	30.70	2.20	49.55	0.00
42.40	37.10	33.40	31.80	28.50	30.80	2.40	49.59	0.00
42.50	37.10	33.40	31.80	28.50	31.60	2.20	49.48	0.00
42.60	37.10	33.30	31.90	28.50	31.80	2.20	49.47	0.00
42.70	37.10	33.30	31.90	28.50	31.90	1.60	49.46	0.00
42.80	37.10	33.40	31.80	28.50	31.90	1.60	49.43	0.00
42.90	37.30	33.40	31.90	28.60	31.60	1.40	49.43	0.00
43.00	37.30	33.40	31.90	28.60	32.10	1.90	49.37	0.00
43.10	37.20	33.30	31.80	28.50	32.40	2.20	49.37	0.00
43.20	37.30	33.40	31.80	28.50	32.10	2.00	49.37	0.00
43.30	37.30	33.40	31.80	28.50	31.90	2.20	49.30	0.00
43.40	37.20	33.30	31.90	28.50	32.40	2.70	49.54	0.00
43.50	37.20	33.50	31.80	28.50	31.60	2.20	50.02	0.00
43.60	37.20	33.50	31.80	28.50	32.80	2.70	50.41	0.00
43.70	37.10	33.20	31.80	28.40	32.80	2.70	50.47	0.00
43.80	37.20	33.20	31.90	28.30	32.70	2.50	50.37	0.00
43.90	37.20	33.20	31.90	28.30	32.40	2.00	50.38	0.00
44.00	37.20	33.40	31.90	28.60	32.70	2.40	50.40	0.00
44.10	37.30	33.40	31.80	28.60	32.80	1.70	50.34	0.00
44.20	37.30	33.40	31.80	28.60	33.50	2.50	50.33	0.00
44.30	37.30	33.30	31.90	28.50	33.50	2.20	50.27	0.00
44.40	37.30	33.30	31.90	28.50	33.30	2.20	50.24	0.00
44.50	37.30	33.30	31.90	28.50	33.00	2.40	50.23	0.00
44.60	37.30	33.30	31.90	28.50	33.50	2.50	50.17	0.00
44.70	37.30	33.30	31.90	28.50	33.50	2.50	50.08	0.00
44.80	37.30	33.40	31.90	28.40	33.80	2.20	50.06	0.00
44.90	37.30	33.40	31.90	28.40	34.50	2.50	50.05	0.00
45.00	37.20	33.40	31.90	28.50	34.20	2.40	50.05	0.00
45.10	37.30	33.30	31.80	28.50	34.80	2.00	49.91	0.00
45.20	37.30	33.30	31.80	28.50	34.50	2.70	49.93	0.00
45.30	37.30	33.40	31.90	28.60	34.20	2.20	49.92	0.00
45.40	37.20	33.30	31.70	28.50	34.70	2.70	49.86	0.00
45.50	37.20	33.30	31.70	28.50	34.70	0.50	49.81	0.00
45.60	37.40	33.30	32.00	28.60	34.70	0.50	49.78	0.00
45.70	37.40	33.30	32.00	28.60	34.50	2.40	49.73	0.00
45.80	37.40	33.50	31.90	28.60	34.80	2.20	49.66	0.00
45.90	37.20	33.30	31.80	28.50	34.50	2.50	49.66	0.00
46.00	37.20	33.30	31.80	28.50	34.80	2.00	49.66	0.00
46.10	37.40	33.30	32.00	28.60	35.00	1.70	49.59	0.00
46.20	37.20	33.40	31.90	28.60	34.50	2.50	49.55	0.00
46.30	37.20	33.40	31.90	28.60	35.30	2.20	49.56	0.00
46.40	37.20	33.20	31.80	28.40	35.60	2.40	49.48	0.00
46.50	37.30	33.30	31.90	28.60	35.60	2.40	49.51	0.00
46.60	37.30	33.30	31.90	28.60	35.80	2.70	49.57	0.00
46.70	37.20	33.30	31.90	28.50	35.20	2.40	49.48	0.00
46.80	37.20	33.30	31.90	28.50	35.90	2.50	49.80	0.00
46.90	37.30	33.30	31.80	28.50	36.20	2.20	50.01	0.00
47.00	37.30	33.20	31.70	28.50	36.10	1.90	50.06	0.00
47.10	37.30	33.20	31.70	28.50	36.40	2.50	50.15	0.00
47.20	37.30	33.30	31.90	28.60	36.40	2.50	50.15	0.00
47.30	37.30	33.30	31.80	28.60	36.70	1.90	50.14	0.00
47.40	37.30	33.30	31.80	28.60	37.00	2.20	50.17	0.00
47.50	37.20	33.30	31.90	28.50	37.00	2.20	50.17	0.00
47.60	37.20	33.30	31.90	28.40	36.80	2.40	50.01	0.00
47.70	37.20	33.30	31.90	28.40	36.80	2.50	50.04	0.00
47.80	37.30	33.20	31.90	28.40	37.80	2.00	49.98	0.00
47.90	37.30	33.20	31.90	28.40	37.00	2.40	49.94	0.00
48.00	37.40	33.40	31.90	28.60	37.60	2.50	49.95	0.00
48.10	37.30	33.40	31.80	28.50	37.20	2.20	49.83	0.00
48.20	37.30	33.40	31.80	28.50	37.60	2.20	49.83	0.00
48.30	37.40	33.40	32.00	28.60	37.90	1.40	49.80	0.00
48.40	37.20	33.30	31.90	28.50	37.90	1.40	49.85	0.00
48.50	37.20	33.30	31.90	28.50	37.20	2.50	49.82	0.00
48.60	37.20	33.40	31.90	28.50	38.20	2.50	49.69	0.00
48.70	37.20	33.30	31.90	28.50	38.10	2.20	49.78	0.00
48.80	37.20	33.30	31.90	28.50	38.10	2.20	49.68	0.00
48.90	37.30	33.20	31.80	28.40	38.40	2.50	49.68	0.00
49.00	37.30	33.20	31.80	28.40	38.80	2.20	49.61	0.00
49.10	37.30	33.40	31.80	28.50	38.20	2.50	49.62	0.00
49.20	37.40	33.40	31.90	28.50	38.80	2.70	49.54	0.00
49.30	37.40	33.40	31.90	28.50	38.80	2.70	49.49	0.00
49.40	37.30	33.30	31.80	28.40	38.70	2.20	49.49	0.00
49.50	37.20	33.40	31.80	28.60	39.50	2.20	49.42	0.00
49.60	37.20	33.40	31.80	28.60	39.20	2.00	50.11	0.00
49.70	37.40	33.40	32.00	28.60	39.30	2.70	50.52	0.00
49.80	37.30	33.30	31.80	28.50	39.60	2.50	50.57	0.00
49.90	37.30	33.30	31.80	28.50	39.30	2.50	50.56	0.00
50.00	37.40	33.30	31.80	28.60	39.20	2.50	50.45	0.00
50.10	37.40	33.30	31.80	28.60	39.60	2.00	50.43	0.00
50.20	37.40	33.30	31.90	28.50	39.60	2.00	50.44	0.00
50.30	37.10	33.30	31.80	28.40	39.80	2.00	50.38	0.00
50.40	37.30	33.40	31.90	28.60	39.60	1.70	50.33	0.00
50.50	37.30	33.40	31.90	28.60	40.40	2.40	50.27	0.00
50.60	37.30	33.30	31.80	28.60	39.60	2.20	50.26	0.00
50.70	37.30	33.40	31.70	28.50	40.40	2.00	50.14	0.00
50.80	37.30	33.40	31.70	28.50	40.50	2.70	50.02	0.00
50.90	37.30	33.40	32.00	28.60	40.70	2.00	50.07	0.00
51.00	37.30	33.40	31.80	28.50	40.80	2.20	50.02	0.00
51.10	37.30	33.40	31.80	28.50	40.80	2.20	49.92	0.00
51.20	37.20	33.30	31.90	28.40	40.50	2.20	49.94	0.00
51.30	37.30	33.30	32.00	28.50	40.50	2.70	49.91	0.00
51.40	37.30	33.30	32.00	28.50	41.00	2.20	49.83	0.00
51.50	37.30	33.20	31.90	28.50	41.30	2.00	49.74	0.00
51.60	37.30	33.20	31.90	28.50	41.30	2.70	49.74	0.00
51.70	37.30	33.40	31.90	28.50	41.50	2.20	49.68	0.00
51.80	37.30	33.40	31.80	28.50	41.60	2.40	49.61	0.00
51.90	37.30	33.40	31.90	28.50	41.60	1.90	49.65	0.00
52.00	37.30	33.40	31.90	28.50	41.60	1.90	49.56	0.00
52.10	37.40	33.30	31.90	28.50	41.90	2.00	49.56	0.00
52.20	37.40	33.40	32.00	28.60	41.50	2.40	49.46	0.00
52.30	37.40	33.40	32.00	28.60	42.50	2.00	49.51	0.00
52.40	37.30	33.40	31.90	28.60	41.80	2.50	49.31	0.00
52.50	37.30	33.40	31.90	28.60	42.40	2.00	49.40	0.00
52.60	37.30	33.30	31.80	28.50	42.50	2.40	49.34	0.00
52.70	37.30	33.40	31.80	28.50	42.70	2.50	49.66	0.00
52.80	37.30	33.40	31.80	28.50	42.40	2.00	50.54	0.00
52.90	37.40	33.40	31.90	28.50	42.40	2.00	50.69	0.00
53.00	37.30	33.40	31.90	28.50	42.50	2.40	50.49	0.00
53.10	37.30	33.40	31.90	28.50	42.80	2.50	50.56	0.00
53.20	37.30	33.30	31.90	28.50	43.30	2.20	50.47	0.00
53.30	37.40	33.20	31.90	28.50	42.70	1.70	50.39	0.00
53.40	37.40	33.20	31.90	28.50	43.50	2.20	50.33	0.00
53.50	37.30	33.30	31.80	28.50	43.50	1.90	50.28	0.00
53.60	37.30	33.30	31.80	28.50	43.50	2.40	50.21	0.00
53.70	37.30	33.20	31.90	28.60	43.90	2.20	50.15	0.00
53.80	37.10	33.10	31.70	28.50	43.50	2.00	50.12	0.00
53.90	37.10	33.10	31.70	28.50	43.50	2.00	50.04	0.00
54.00	37.30	33.30	32.00	28.50	43.80	2.50	49.94	0.00
54.10	37.30	33.30	31.90	28.50	43.90	2.50	50.01	0.00
54.20	37.30	33.30	31.90	28.50	44.10	2.20	49.94	0.00
54.30	37.30	33.20	31.80	28.40	44.20	2.20	49.81	0.00
54.40	37.30	33.30	31.90	28.50	44.90	1.90	49.75	0.00
54.50	37.30	33.30	31.90	28.50	44.50	2.00	49.73	0.00
54.60	37.20	33.20	31.90	28.40	44.20	2.40	49.81	0.00
54.70	37.20	33.30	31.90	28.60	44.40	2.20	49.72	0.00
54.80	37.20	33.30	31.90	28.60	44.40	2.20	49.59	0.00
54.90	37.40	33.30	31.90	28.60	44.90	2.20	49.55	0.00
55.00	37.30	33.30	31.80	28.50	44.90	2.80	49.46	0.00
55.10	37.30	33.30	31.80	28.50	45.20	2.70	49.53	0.00
55.20	37.30	33.40	31.90	28.60	45.30	1.90	49.43	0.00
55.30	37.30	33.40	31.90	28.60	45.30	2.00	49.38	0.00
55.40	37.20	33.20	31.70	28.50	45.30	2.70	49.34	0.00
55.50	37.30	33.20	31.80	28.60	45.60	2.40	49.31	0.00
55.60	37.30	33.20	31.80	28.60	45.80	2.00	50.26	0.00
55.70	37.30	33.20	31.70	28.50	45.80	2.00	50.52	0.00
55.80	37.30	33.20	31.70	28.50	45.80	2.40	50.45	0.00
55.90	37.20	33.10	31.80	28.50	45.90	2.20	50.36	0.00
56.00	37.30	33.30	31.90	28.50	45.90	2.40	50.28	0.00
56.10	37.30	33.30	31.90	28.50	46.20	2.20	50.26	0.00
56.20	37.30	33.40	31.90	28.60	46.40	2.50	50.19	0.00
56.30	37.30	33.30	31.90	28.50	46.20	2.40	50.10	0.00
56.40	37.30	33.30	31.90	28.50	47.50	1.70	50.04	0.00
56.50	37.30	33.30	32.00	28.60	47.00	0.20	49.99	0.00
56.60	37.20	33.20	31.80	28.50	47.00	0.50	49.95	0.00
56.70	37.20	33.20	31.80	28.50	47.00	0.50	49.80	0.00
56.80	37.20	33.30	31.80	28.30	46.50	2.20	49.81	0.00
56.90	37.30	33.30	31.80	28.50	46.90	2.00	49.76	0.00
57.00	37.30	33.30	31.80	28.50	47.20	2.50	49.73	0.00
57.10	37.40	33.40	31.80	28.50	47.00	2.00	49.59	0.00
57.20	37.40	33.40	31.80	28.50	47.50	1.90	49.57	0.00
57.30	37.30	33.10	31.80	28.50	47.20	2.20	49.47	0.00
57.40	37.40	33.30	32.00	28.50	47.50	2.20	49.47	0.00
57.50	37.40	33.30	32.00	28.50	47.50	2.50	49.36	0.00
57.60	37.30	33.30	31.90	28.60	47.50	2.50	49.69	0.00
57.70	37.40	33.40	32.00	28.60	47.60	1.90	50.37	0.00
57.80	37.40	33.40	32.00	28.60	47.50	2.20	50.58	0.00
57.90	37.30	33.20	31.80	28.50	47.90	2.40	50.45	0.00
58.00	37.30	33.30	31.80	28.60	48.50	2.40	50.33	0.00
58.10	37.30	33.30	31.80	28.60	47.90	2.40	50.33	0.00
58.20	37.20	33.20	31.80	28.50	48.40	1.90	50.18	0.00
58.30	37.20	33.30	31.90	28.50	48.50	2.00	50.15	0.00
58.40	37.20	33.30	31.90	28.50	48.70	1.90	50.06	0.00
58.50	37.30	33.30	31.90	28.50	48.70	1.90	49.99	0.00
58.60	37.30	33.30	31.90	28.60	48.90	2.00	49.94	0.00
58.70	37.30	33.30	31.90	28.60	49.20	2.40	49.88	0.00
58.80	37.20	33.20	31.80	28.40	49.00	2.40	49.82	0.00
58.90	37.20	33.20	31.80	28.40	49.50	2.40	49.73	0.00
59.00	37.20	33.30	31.90	28.50	49.00	2.20	49.67	0.00
59.10	37.20	33.20	31.90	28.50	49.20	2.20	49.60	0.00
59.20	37.20	33.20	31.90	28.50	49.80	3.40	49.55	0.00
59.30	37.30	33.30	31.90	28.50	49.20	2.70	49.48	0.00
59.40	37.20	33.40	31.90	28.60	49.50	2.20	49.42	0.00
59.50	37.20	33.40	31.90	28.60	49.50	2.20	49.38	0.00
59.60	37.40	33.20	31.90	28.50	49.80	2.80	50.34	0.00
59.70	37.40	33.20	31.90	28.50	50.10	2.50	50.60	0.00
59.80	37.20	33.30	31.90	28.50	49.90	1.90	50.44	0.00
59.90	37.20	33.30	31.90	28.50	50.10	2.40	50.37	0.00
60.00	37.20	33.30	31.90	28.50	50.20	2.20	50.36	0.00
60.10	37.10	33.20	31.70	28.30	50.40	2.20	50.27	0.00
60.20	37.20	33.20	31.90	28.50	50.20	2.50	50.12	0.00
60.30	37.20	33.20	31.90	28.50	50.90	2.40	50.05	0.00
60.40	37.20	33.20	31.80	28.40	50.90	2.40	49.96	0.00
60.50	37.10	33.30	31.90	28.50	50.90	2.00	49.98	0.00
60.60	37.10	33.30	31.90	28.50	51.30	2.20	49.79	0.00
60.70	37.20	33.20	31.90	28.50	50.90	2.20	49.78	0.00
60.80	37.30	33.40	31.90	28.60	51.30	2.40	49.74	0.00
60.90	37.30	33.40	31.90	28.60	51.80	2.40	49.63	0.00
61.00	37.20	33.20	31.80	28.50	51.60	2.20	49.51	0.00
61.10	37.20	33.30	31.90	28.50	51.50	2.20	49.47	0.00
61.20	37.20	33.30	31.90	28.50	51.80	2.00	49.44	0.00
61.30	37.20	33.40	31.80	28.50	51.80	2.00	49.28	0.00
61.40	37.30	33.30	31.80	28.50	51.80	2.00	49.24	0.00
61.50	37.30	33.30	31.80	28.50	51.90	2.50	49.35	0.00
61.60	37.30	33.30	32.00	28.60	52.10	2.20	50.18	0.00
61.70	37.20	33.20	31.80	28.50	52.40	2.00	50.43	0.00
61.80	37.20	33.20	31.80	28.50	52.10	2.50	50.27	0.00
61.90	37.20	33.20	31.90	28.60	52.40	2.40	50.27	0.00
62.00	37.20	33.30	31.80	28.50	52.50	1.90	50.18	0.00
62.10	37.20	33.30	31.80	28.50	52.90	2.70	50.04	0.00
62.20	37.20	33.20	31.80	28.50	53.30	2.20	50.05	0.00
62.30	37.20	33.30	31.90	28.50	53.30	2.20	49.88	0.00
62.40	37.20	33.30	31.90	28.50	52.90	2.40	49.85	0.00
62.50	37.10	33.10	31.80	28.40	53.00	2.50	49.69	0.00
62.60	37.10	33.10	31.80	28.40	53.00	2.50	49.62	0.00
62.70	37.20	33.30	31.90	28.50	53.50	2.00	49.54	0.00
62.80	37.20	33.30	31.70	28.50	53.60	2.70	49.54	0.00
62.90	37.20	33.30	31.70	28.50	53.00	2.40	49.55	0.00
63.00	37.20	33.30	31.90	28.50	53.50	1.70	49.89	0.00
63.10	37.30	33.30	31.90	28.60	53.80	2.00	50.28	0.00
63.20	37.30	33.30	31.90	28.60	53.60	2.20	50.38	0.00
63.30	37.10	33.20	31.80	28.40	53.60	2.20	50.17	0.00
63.40	37.30	33.40	31.90	28.60	54.10	2.20	50.07	0.00
63.50	37.30	33.40	31.90	28.60	54.20	2.50	49.95	0.00
63.60	37.30	33.40	32.00	28.50	54.40	1.90	49.91	0.00
63.70	37.30	33.40	32.00	28.50	54.10	2.00	49.79	0.00
63.80	37.10	33.20	31.90	28.40	54.60	2.00	49.78	0.00
63.90	37.20	33.20	31.80	28.50	54.60	2.40	49.63	0.00
64.00	37.20	33.20	31.80	28.50	55.00	2.50	49.65	0.00
64.10	37.10	33.20	31.70	28.40	54.70	2.00	49.56	0.00
64.20	37.20	33.30	31.90	28.60	54.70	2.00	49.98	0.00
64.30	37.20	33.30	31.90	28.60	55.20	1.70	50.38	0.00
64.40	37.20	33.30	31.90	28.50	55.50	2.00	50.57	0.00
64.50	37.30	33.20	31.90	28.50	55.20	2.50	50.31	0.00
64.60	37.30	33.20	31.90	28.50	55.30	2.70	50.30	0.00
64.70	37.20	33.30	31.90	28.60	55.60	2.00	50.24	0.00
64.80	37.20	33.30	31.90	28.60	55.60	2.40	50.08	0.00
64.90	37.30	33.30	31.90	28.60	55.60	2.20	50.07	0.00
65.00	37.20	33.40	31.90	28.40	55.60	2.20	49.93	0.00
65.10	37.20	33.40	31.90	28.40	55.60	2.20	49.79	0.00
65.20	37.20	33.40	31.80	28.60	56.10	1.90	49.70	0.00
65.30	37.30	33.30	31.90	28.60	56.10	1.90	49.60	0.00
65.40	37.30	33.30	31.90	28.60	56.20	2.00	49.56	0.00
65.50	37.20	33.20	31.90	28.50	54.90	2.50	49.42	0.00
65.60	37.20	33.20	31.80	28.50	56.70	3.30	49.43	0.00
65.70	37.20	33.20	31.80	28.50	56.20	2.00	50.39	0.00
65.80	37.20	33.30	31.80	28.50	56.60	2.70	50.83	0.00
65.90	37.30	33.30	31.90	28.50	56.40	2.50	50.68	0.00
66.00	37.30	33.30	31.90	28.50	56.90	2.20	50.59	0.00
66.10	37.00	33.20	31.80	28.40	56.90	2.20	50.47	0.00
66.20	37.00	33.20	31.80	28.40	57.00	2.20	50.32	0.00
66.30	37.10	33.20	31.90	28.60	57.30	2.20	50.13	0.00
66.40	37.30	33.30	31.90	28.60	56.90	1.40	50.13	0.00
66.50	37.30	33.30	31.90	28.60	57.50	2.20	49.96	0.00
66.60	37.20	33.30	31.90	28.50	57.00	2.50	49.86	0.00
66.70	37.20	33.20	32.00	28.50	57.80	2.20	49.75	0.00
66.80	37.20	33.20	32.00	28.50	57.50	1.40	49.63	0.00
66.90	37.20	33.30	31.80	28.60	57.80	2.20	49.56	0.00
67.00	37.10	33.20	31.70	28.40	57.80	2.50	49.42	0.00
67.10	37.10	33.20	31.70	28.40	57.80	2.50	49.29	0.00
67.20	37.20	33.40	32.00	28.50	58.20	2.20	49.73	0.00
67.30	37.20	33.40	32.00	28.50	58.40	2.20	50.44	0.00
67.40	37.10	33.20	31.70	28.60	58.60	1.90	51.14	0.00
67.50	37.30	33.30	31.90	28.70	58.20	2.40	50.85	0.00
67.60	37.30	33.30	31.90	28.70	58.40	2.40	50.77	0.00
67.70	37.10	33.20	31.80	28.50	58.60	2.40	50.57	0.00
67.80	37.20	33.30	32.00	28.50	58.70	2.50	50.40	0.00
67.90	37.20	33.30	32.00	28.50	59.20	2.00	50.28	0.00
68.00	37.10	33.20	31.80	28.50	59.20	2.00	50.12	0.00
68.10	37.20	33.20	31.90	28.50	59.20	2.00	50.02	0.00
68.20	37.20	33.20	31.90	28.50	59.20	2.20	49.89	0.00
68.30	37.20	33.30	32.00	28.50	59.50	1.90	49.83	0.00
68.40	37.30	33.30	32.00	28.60	59.30	1.70	49.70	0.00
68.50	37.30	33.30	32.00	28.60	60.10	2.70	49.59	0.00
68.60	37.30	33.30	31.90	28.50	59.80	2.40	49.40	0.00
68.70	37.20	33.30	31.80	28.50	59.80	2.00	49.33	0.00
68.80	37.20	33.30	31.80	28.50	60.20	2.80	49.22	0.00
68.90	37.00	33.30	31.90	28.50	59.80	2.40	49.03	0.00
69.00	37.00	33.30	31.90	28.50	59.90	1.70	48.96	0.00
69.10	37.20	33.30	31.90	28.60	60.60	2.40	48.86	0.00
69.20	37.20	33.30	31.90	28.60	60.10	2.20	49.36	0.00
69.30	37.10	33.30	31.90	28.60	60.40	2.40	50.06	0.00
69.40	37.20	33.30	32.00	28.50	60.60	2.70	50.53	0.00
69.50	37.20	33.30	32.00	28.50	60.40	2.50	50.63	0.00
69.60	37.20	33.30	31.90	28.50	60.60	2.50	50.59	0.00
69.70	37.10	33.30	31.90	28.50	60.70	2.00	50.43	0.00
69.80	37.10	33.30	31.90	28.50	60.90	2.00	50.24	0.00
69.90	37.10	33.20	31.70	28.50	60.90	2.00	50.11	0.00
70.00	37.10	33.20	31.70	28.50	61.20	2.40	49.92	0.00
70.10	37.10	33.30	31.80	28.50	61.00	1.90	49.79	0.00
70.20	37.00	33.20	31.90	28.50	61.30	1.90	49.69	0.00
70.30	37.00	33.20	31.90	28.50	60.70	2.50	49.65	0.00
70.40	37.20	33.30	31.90	28.70	61.30	2.50	49.50	0.00
70.50	37.10	33.20	31.80	28.50	62.10	2.00	49.63	0.00
70.60	37.10	33.20	31.80	28.50	62.10	2.50	50.12	0.00
70.70	37.00	33.20	31.90	28.50	61.80	2.70	50.40	0.00
70.80	37.10	33.30	31.90	28.50	61.80	2.70	50.64	0.00
70.90	37.10	33.30	31.90	28.50	62.30	2.00	50.78	0.00
71.00	37.00	33.40	31.90	28.50	62.90	2.00	50.46	0.00
71.10	37.10	33.30	31.80	28.50	62.40	2.70	50.40	0.00
71.20	37.10	33.30	31.80	28.50	62.40	2.70	50.23	0.00
71.30	37.10	33.30	31.80	28.50	62.40	2.50	50.00	0.00
71.40	37.30	33.20	31.90	28.70	62.70	1.90	49.81	0.00
71.50	37.30	33.20	31.90	28.70	62.70	2.50	49.69	0.00
71.60	37.10	33.20	31.90	28.50	62.90	2.50	49.65	0.00
71.70	37.00	33.20	31.90	28.60	62.90	2.00	49.47	0.00
71.80	37.00	33.20	31.90	28.60	62.90	2.00	49.51	0.00
71.90	37.10	33.20	31.80	28.50	63.20	2.00	50.19	0.00
72.00	37.10	33.30	31.80	28.50	63.00	2.40	50.51	0.00
72.10	37.10	33.30	31.80	28.50	63.50	2.40	50.50	0.00
72.20	37.10	33.10	31.90	28.50	63.80	2.70	50.37	0.00
72.30	37.10	33.20	32.00	28.70	63.80	2.20	50.27	0.00
72.40	37.10	33.20	32.00	28.70	63.60	2.40	50.13	0.00
72.50	37.00	33.10	31.90	28.50	64.40	2.70	49.85	0.00
72.60	37.00	33.10	31.90	28.50	63.50	1.90	49.86	0.00
72.70	37.10	33.20	31.80	28.50	63.50	1.90	49.54	0.00
72.80	37.00	33.30	31.90	28.60	64.10	2.20	49.89	0.00
72.90	37.00	33.30	31.90	28.60	64.40	2.00	49.99	0.00
73.00	37.10	33.20	31.90	28.60	64.10	2.00	50.15	0.00
73.10	37.00	33.20	31.90	28.60	65.00	2.70	49.94	0.00
73.20	37.00	33.20	31.90	28.60	64.40	1.90	49.78	0.00
73.30	37.10	33.30	31.90	28.60	64.90	1.90	49.62	0.00
73.40	37.10	33.30	31.90	28.50	65.00	2.00	49.56	0.00
73.50	37.10	33.30	31.90	28.50	64.90	2.00	50.00	0.00
73.60	37.00	33.10	31.90	28.50	64.70	2.00	50.36	0.00
73.70	36.90	33.00	31.80	28.40	64.70	2.00	50.41	0.00
73.80	36.90	33.00	31.80	28.40	65.60	1.90	50.13	0.00
73.90	37.10	33.20	31.90	28.60	65.50	2.20	50.06	0.00
74.00	37.00	33.20	31.80	28.50	65.30	1.60	49.76	0.00
74.10	37.00	33.20	31.80	28.50	65.60	2.40	49.59	0.00
74.20	37.00	33.10	31.80	28.60	65.80	2.20	49.81	0.00
74.30	37.00	33.30	31.90	28.60	65.60	2.00	50.41	0.00
74.40	37.00	33.30	31.90	28.60	65.50	2.20	50.50	0.00
74.50	36.90	33.20	31.90	28.50	66.30	2.80	50.26	0.00
74.60	37.00	33.20	31.80	28.40	66.30	2.80	50.21	0.00
74.70	37.00	33.20	31.80	28.40	66.30	2.40	50.10	0.00
74.80	36.80	33.20	31.80	28.50	66.30	2.40	49.69	0.00
74.90	36.90	33.20	31.90	28.50	65.20	2.00	49.61	0.00
75.00	36.90	33.20	31.90	28.50	66.40	2.00	49.53	0.00
75.10	37.00	33.10	31.80	28.40	67.00	1.70	49.92	0.00
75.20	37.10	33.20	32.00	28.60	66.60	2.20	50.26	0.00
75.30	37.10	33.20	32.00	28.60	66.70	2.40	50.36	0.00
75.40	37.00	33.20	31.80	28.50	66.70	2.40	50.06	0.00
75.50	37.00	33.10	31.90	28.40	67.00	2.70	49.91	0.00
75.60	37.00	33.10	31.90	28.40	67.00	2.70	50.07	0.00
75.70	37.00	33.30	31.90	28.50	67.50	2.70	49.94	0.00
75.80	37.10	33.30	31.90	28.60	67.30	2.00	50.00	0.00
75.90	37.10	33.30	31.90	28.60	67.50	2.20	49.91	0.00
76.00	37.00	33.20	31.90	28.50	67.60	2.70	49.87	0.00
76.10	37.00	33.20	31.90	28.50	67.60	1.90	49.85	0.00
76.20	37.00	33.20	31.90	28.50	68.10	2.20	50.00	0.00
76.30	37.10	33.40	31.90	28.60	68.30	1.90	49.95	0.00
76.40	37.10	33.40	31.90	28.60	68.30	1.90	49.80	0.00
76.50	37.10	33.20	31.90	28.50	67.60	1.90	49.87	0.00
76.60	37.00	33.00	31.70	28.40	67.80	2.50	49.86	0.00
76.70	37.00	33.00	31.70	28.40	68.30	2.40	49.88	0.00
76.80	37.10	33.30	31.70	28.50	68.60	2.80	49.86	0.00
76.90	37.00	33.30	31.80	28.60	68.60	2.40	49.80	0.00
77.00	37.00	33.30	31.80	28.60	68.70	2.20	49.82	0.00
77.10	37.00	33.20	31.90	28.50	68.90	2.00	49.80	0.00
77.20	36.90	33.20	31.90	28.50	68.70	2.20	49.95	0.00
77.30	36.90	33.20	31.90	28.50	69.00	2.20	49.94	0.00
77.40	37.00	33.20	32.00	28.50	68.90	2.20	49.87	0.00
77.50	37.10	33.10	31.80	28.50	68.90	2.20	49.73	0.00
77.60	37.10	33.10	31.80	28.50	69.00	2.40	49.95	0.00
77.70	37.00	33.20	31.90	28.50	69.80	2.40	50.00	0.00
77.80	36.90	33.10	31.80	28.50	69.60	2.50	49.93	0.00
77.90	36.90	33.10	31.80	28.50	69.30	2.20	49.82	0.00
78.00	37.00	33.20	31.90	28.50	69.90	2.40	49.75	0.00
78.10	37.00	33.20	31.90	28.60	69.60	1.90	49.81	0.00
78.20	37.00	33.20	31.90	28.60	69.60	2.50	49.68	0.00
78.30	36.90	33.30	31.90	28.50	69.90	2.20	49.79	0.00
78.40	36.90	33.30	31.90	28.50	69.90	2.20	49.88	0.00
78.50	36.90	33.20	31.90	28.60	70.40	2.70	49.89	0.00
78.60	36.90	33.10	31.90	28.50	70.10	2.40	49.60	0.00
78.70	36.90	33.10	31.90	28.50	70.70	1.70	49.86	0.00
78.80	37.00	33.10	31.80	28.50	70.70	2.00	49.66	0.00
78.90	37.00	33.10	31.80	28.40	70.70	2.40	49.59	0.00
79.00	37.00	33.10	31.80	28.40	70.90	1.90	49.60	0.00
79.10	36.90	33.10	31.80	28.50	70.70	2.50	49.16	0.00
79.20	36.90	33.20	31.80	28.60	70.70	2.40	49.50	0.00
79.30	36.90	33.20	31.80	28.60	70.70	2.40	49.75	0.00
79.40	36.90	33.10	31.80	28.50	70.70	1.90	49.82	0.00
79.50	36.90	33.10	31.80	28.50	71.30	2.20	50.10	0.00
79.60	37.00	33.30	31.90	28.50	71.20	2.00	49.92	0.00
79.70	36.90	33.20	31.90	28.50	71.20	2.00	44.09	0.00
79.80	37.00	33.30	31.90	28.50	70.40	2.50	17.12	0.00
79.90	37.00	33.30	31.90	28.50	71.30	2.00	9.82	0.00
80.00	36.80	33.20	32.00	28.50	70.60	2.20	6.81	0.00
80.10	36.80	33.20	32.00	28.50	71.60	2.40	5.02	0.00
80.20	36.60	33.20	31.90	28.60	71.60	2.40	3.90	0.00
80.30	36.60	33.20	31.90	28.50	70.70	2.40	3.13	0.00
80.40	36.60	33.20	31.90	28.50	70.90	2.20	2.52	0.00
80.50	36.60	33.10	31.80	28.50	71.00	2.50	2.17	0.00
80.60	36.50	33.10	32.00	28.50	70.70	2.50	1.82	0.00
80.70	36.50	33.10	32.00	28.50	71.00	2.00	1.59	0.00
80.80	36.50	33.30	31.90	28.50	70.90	2.20	1.44	0.00
80.90	36.30	33.20	31.80	28.40	71.00	2.20	1.28	0.00
81.00	36.30	33.20	31.80	28.40	70.90	2.50	1.14	0.00
81.10	36.20	33.30	31.90	28.40	71.00	1.90	0.97	0.00
81.20	36.20	33.20	31.90	28.50	71.00	1.90	0.90	0.00
81.30	36.20	33.20	31.90	28.50	71.30	2.00	0.84	0.00
81.40	36.20	33.10	31.80	28.50	71.20	2.20	0.75	0.00
81.50	36.10	33.20	31.70	28.50	71.00	2.20	0.70	0.00
81.60	36.10	33.20	31.70	28.50	70.60	2.40	0.69	0.00
81.70	36.10	33.30	31.80	28.40	71.20	2.00	0.59	0.00
81.80	36.00	33.20	31.80	28.60	71.30	1.60	0.57	0.00
81.90	36.00	33.20	31.80	28.60	70.90	2.00	0.53	0.00
82.00	35.80	33.10	31.80	28.40	71.20	2.20	0.49	0.00
82.10	35.80	33.10	31.80	28.40	71.20	2.20	0.46	0.00
82.20	35.90	33.20	31.90	28.40	71.00	2.40	0.44	0.00
82.30	36.00	33.20	31.90	28.60	70.70	1.60	0.41	0.00
82.40	36.00	33.20	31.90	28.60	70.60	2.80	0.41	0.00
82.50	35.90	33.20	31.80	28.50	71.00	2.40	0.38	0.00
82.60	35.90	33.10	31.90	28.50	70.90	2.40	0.33	0.00
82.70	35.90	33.10	31.90	28.50	70.90	2.40	0.38	0.00
82.80	35.70	33.10	31.80	28.50	70.60	2.70	0.36	0.00
82.90	35.70	33.10	31.80	28.50	70.90	2.20	0.33	0.00
83.00	35.70	33.20	31.80	28.40	70.90	2.40	0.31	0.00
83.10	35.70	33.20	31.70	28.50	70.90	2.40	0.28	0.00
83.20	35.70	33.20	31.70	28.50	70.60	2.00	0.26	0.00
83.30	35.80	33.20	31.90	28.50	70.60	2.40	0.25	0.00
83.40	35.70	33.10	31.90	28.60	70.90	2.00	0.26	0.00
83.50	35.70	33.10	31.90	28.60	70.90	2.80	0.20	0.00
83.60	35.70	33.30	31.80	28.60	70.70	2.40	0.20	0.00
83.70	35.70	33.30	31.80	28.60	71.00	2.20	0.22	0.00
83.80	35.70	33.20	32.00	28.50	70.70	2.40	0.25	0.00
83.90	35.70	33.20	32.00	28.50	70.90	2.00	0.20	0.00
84.00	35.60	33.30	31.90	28.60	70.40	2.70	-0.02	0.00
84.10	35.60	33.20	31.80	28.50	70.40	2.70	0.00	0.00
84.20	35.60	33.20	31.80	28.50	70.70	2.40	-0.02	0.00
84.30	35.70	33.30	32.00	28.60	71.20	2.00	0.00	0.00
84.40	35.30	33.00	31.70	28.50	70.60	2.70	-0.05	0.00
84.50	35.30	33.00	31.70	28.50	70.60	2.50	-0.05	0.00
84.60	35.50	33.30	31.90	28.60	70.90	2.20	-0.05	0.00
84.70	35.60	33.30	31.90	28.60	70.60	2.20	-0.08	0.00
84.80	35.60	33.30	31.90	28.60	70.70	2.20	-0.07	0.00
84.90	35.40	33.30	31.90	28.50	70.10	2.00	0.00	0.00
85.00	35.30	33.20	31.80	28.30	70.70	2.00	0.00	0.00
85.10	35.30	33.20	31.80	28.30	70.70	2.00	0.00	0.00
85.20	35.30	33.20	31.80	28.50	69.90	2.20	0.00	0.00
85.30	35.30	33.10	31.90	28.50	70.70	2.20	0.00	0.00
85.40	35.30	33.10	31.90	28.50	70.70	1.90	0.00	0.00
85.50	35.40	33.20	31.80	28.50	71.00	0.40	0.00	0.00
85.60	35.40	33.20	31.80	28.50	70.70	2.20	0.00	0.00
85.70	35.40	33.20	31.80	28.50	70.70	1.90	0.00	0.00
85.80	35.50	33.20	31.90	28.60	70.70	2.00	0.00	0.00
85.90	35.50	33.20	31.90	28.60	70.60	2.00	0.00	0.00
86.00	35.30	33.20	31.80	28.50	70.60	2.00	0.00	0.00
86.10	35.20	33.20	31.80	28.50	71.00	2.20	0.00	0.00
86.20	35.20	33.20	31.80	28.50	70.70	2.20	0.00	0.00
86.30	35.30	33.10	31.90	28.50	70.40	2.20	0.00	0.00
86.40	35.40	33.20	31.80	28.50	70.90	2.40	0.00	0.00
86.50	35.40	33.20	31.80	28.50	71.20	2.20	0.00	0.00
86.60	35.30	33.20	31.80	28.60	70.40	1.90	0.00	0.00
86.70	35.30	33.20	31.80	28.60	70.70	2.40	0.00	0.00
86.80	35.20	33.30	31.90	28.60	70.60	1.70	0.00	0.00
86.90	35.10	33.10	31.80	28.60	70.10	2.20	0.00	0.00
87.00	35.10	33.10	31.80	28.60	71.00	2.40	0.00	0.00
87.10	35.20	33.10	31.80	28.40	70.60	3.10	0.00	0.00
87.20	35.20	33.20	31.80	28.50	70.70	2.70	0.00	0.00
87.30	35.20	33.20	31.80	28.50	70.60	2.20	0.00	0.00
87.40	35.30	33.20	31.80	28.50	70.90	2.40	0.00	0.00
87.50	35.20	33.20	31.80	28.60	70.90	1.90	0.00	0.00
87.60	35.20	33.20	31.80	28.60	70.70	2.20	0.00	0.00
87.70	35.20	33.20	31.80	28.60	70.60	2.20	0.00	0.00
87.80	35.20	33.20	31.80	28.60	70.70	2.00	0.00	0.00
87.90	35.20	33.10	31.80	28.40	70.70	2.00	0.00	0.00
88.00	35.20	33.30	31.90	28.60	70.30	2.40	0.00	0.00
88.10	35.20	33.30	31.90	28.60	70.70	1.70	0.00	0.00
88.20	35.20	33.00	31.80	28.60	70.60	2.50	0.00	0.00
88.30	35.20	33.30	31.70	28.60	70.60	2.00	0.00	0.00
88.40	35.20	33.30	31.70	28.60	70.60	2.00	0.00	0.00
88.50	35.10	33.10	31.80	28.50	70.60	1.70	0.00	0.00
88.60	35.10	33.30	32.00	28.70	70.60	2.20	0.00	0.00
88.70	35.10	33.30	32.00	28.70	70.70	2.00	0.00	0.00
88.80	35.00	33.20	31.70	28.50	70.60	2.40	0.00	0.00
88.90	35.00	33.20	31.70	28.50	70.60	2.20	0.00	0.00
89.00	35.10	33.30	31.90	28.60	70.30	3.30	0.00	0.00
89.10	35.10	33.30	31.90	28.60	70.60	1.90	0.00	0.00
89.20	35.10	33.30	31.90	28.60	70.30	2.00	0.00	0.00
89.30	35.10	33.20	31.80	28.50	71.00	2.20	0.00	0.00
89.40	35.00	33.10	31.90	28.50	70.70	3.00	0.00	0.00
89.50	35.00	33.10	31.90	28.50	70.70	1.90	0.00	0.00
89.60	35.00	33.20	31.90	28.60	70.90	2.50	0.00	0.00
89.70	35.00	33.10	31.80	28.50	70.70	2.20	0.00	0.00
89.80	35.00	33.10	31.80	28.50	70.70	2.20	0.00	0.00
89.90	34.90	33.10	31.80	28.40	71.00	2.00	0.00	0.00
90.00	35.00	33.30	32.00	28.70	70.90	2.40	0.00	0.00
90.10	35.00	33.30	32.00	28.70	70.90	2.50	0.00	0.00
90.20	35.00	33.20	31.90	28.70	70.40	2.20	0.00	0.00
90.30	35.00	33.20	31.90	28.70	70.70	1.70	0.00	0.00
90.40	34.90	33.20	31.80	28.40	70.40	2.70	0.00	0.00
90.50	34.90	33.20	31.80	28.50	70.70	2.20	0.00	0.00
90.60	34.90	33.20	31.80	28.50	70.40	2.20	0.00	0.00
90.70	34.80	33.10	31.80	28.40	70.40	2.20	0.00	0.00
90.80	34.90	33.20	31.80	28.50	70.90	2.20	0.00	0.00
90.90	34.90	33.20	31.80	28.50	70.60	2.20	0.00	0.00
91.00	34.90	33.20	31.90	28.60	70.40	2.20	0.00	0.00
91.10	35.00	33.20	31.90	28.60	70.40	2.50	0.00	0.00
91.20	35.00	33.20	31.90	28.60	70.70	2.20	0.00	0.00
91.30	34.90	33.20	31.90	28.60	70.60	2.20	0.00	0.00
91.40	34.90	33.20	31.80	28.60	70.30	1.90	0.00	0.00
91.50	34.90	33.20	31.80	28.60	70.60	2.80	0.00	0.00
91.60	34.80	33.20	31.80	28.40	70.40	2.40	0.00	0.00
91.70	35.00	33.20	31.90	28.60	70.90	1.90	0.00	0.00
91.80	35.00	33.20	31.90	28.60	70.90	1.90	0.00	0.00
91.90	34.80	33.20	31.90	28.60	70.70	2.20	0.00	0.00
92.00	34.80	33.20	31.90	28.60	70.40	2.20	0.00	0.00
92.10	34.80	33.20	31.80	28.60	70.10	2.00	0.00	0.00
92.20	34.90	33.20	31.80	28.60	70.90	2.50	0.00	0.00
92.30	34.90	33.20	31.80	28.60	70.60	2.20	0.00	0.00
92.40	34.90	33.20	31.90	28.50	70.60	2.20	0.00	0.00
92.50	34.80	33.20	31.90	28.50	70.10	2.00	0.00	0.00
92.60	34.80	33.20	31.90	28.50	70.10	2.00	0.00	0.00
92.70	34.80	33.20	31.80	28.60	70.10	2.20	0.00	0.00
92.80	34.80	33.20	31.80	28.60	70.60	0.00	0.00	0.00
92.90	34.80	33.30	31.80	28.50	70.40	1.90	0.00	0.00
93.00	34.80	33.10	31.90	28.50	70.40	2.00	0.00	0.00
93.10	34.80	33.10	31.90	28.50	70.60	2.50	0.00	0.00
93.20	34.80	33.20	31.80	28.50	70.60	2.50	0.00	0.00
93.30	34.60	33.10	31.80	28.50	70.90	2.20	0.00	0.00
93.40	34.60	33.10	31.80	28.50	70.30	2.50	0.00	0.00
93.50	34.70	33.20	31.80	28.40	70.60	2.20	0.00	0.00
93.60	34.80	33.20	31.90	28.50	70.40	2.20	0.00	0.00
93.70	34.80	33.20	31.90	28.50	70.40	2.20	0.00	0.00
93.80	34.70	33.10	31.80	28.60	70.60	1.90	0.00	0.00
93.90	34.70	33.20	31.90	28.60	70.30	2.40	0.00	0.00
94.00	34.70	33.20	31.90	28.60	70.90	2.50	0.00	0.00
94.10	34.70	33.20	31.90	28.60	70.40	2.70	0.00	0.00
94.20	34.70	33.20	31.90	28.60	70.60	2.20	0.00	0.00
94.30	34.70	33.20	31.90	28.60	70.40	2.20	0.00	0.00
94.40	34.70	33.20	31.90	28.50	70.10	2.20	0.00	0.00
94.50	34.70	33.20	31.90	28.50	70.10	2.20	0.00	0.00
94.60	34.60	33.10	31.80	28.50	70.90	2.00	0.00	0.00
94.70	34.70	33.10	31.80	28.50	70.60	2.20	0.00	0.00
94.80	34.70	33.10	31.80	28.50	69.90	2.00	0.00	0.00
94.90	34.70	33.20	31.80	28.50	70.70	2.40	0.00	0.00
95.00	34.70	33.20	31.80	28.60	70.60	2.40	0.00	0.00
95.10	34.70	33.20	31.80	28.60	70.60	2.70	0.00	0.00
95.20	34.60	33.20	31.80	28.40	70.40	2.00	0.00	0.00
95.30	34.70	33.30	32.00	28.60	70.60	2.00	0.00	0.00
95.40	34.70	33.30	32.00	28.60	70.60	2.00	0.00	0.00
95.50	34.60	33.20	31.90	28.50	70.60	2.00	0.00	0.00
95.60	34.60	33.10	31.90	28.50	70.10	2.00	0.00	0.00
95.70	34.60	33.10	31.90	28.50	70.70	2.20	0.00	0.00
95.80	34.60	33.30	31.90	28.60	70.70	2.40	0.00	0.00
95.90	34.50	33.10	31.80	28.40	71.00	2.40	0.00	0.00
96.00	34.50	33.10	31.80	28.40	70.60	2.50	0.00	0.00
96.10	34.60	33.10	31.90	28.60	70.60	2.40	0.00	0.00
96.20	34.60	33.10	31.90	28.60	70.40	2.00	0.00	0.00
96.30	34.60	33.20	31.90	28.50	69.90	2.50	0.00	0.00
96.40	34.50	33.20	31.80	28.60	69.90	2.50	0.00	0.00
96.50	34.50	33.20	31.80	28.60	70.70	2.70	0.00	0.00
96.60	34.60	33.20	31.80	28.50	70.30	2.00	0.00	0.00
96.70	34.40	33.00	31.80	28.40	70.70	2.20	0.00	0.00
96.80	34.40	33.00	31.80	28.40	70.60	1.90	0.00	0.00
96.90	34.60	33.20	31.80	28.60	70.90	2.20	0.00	0.00
97.00	34.70	33.20	31.90	28.50	70.40	2.50	0.00	0.00
97.10	34.70	33.20	31.90	28.50	70.70	2.20	0.00	0.00
97.20	34.40	33.10	31.80	28.50	70.60	2.50	0.00	0.00
97.30	34.40	33.10	31.80	28.50	70.60	1.90	0.00	0.00
97.40	34.30	33.20	31.90	28.40	70.60	1.90	0.00	0.00
97.50	34.40	33.10	31.80	28.50	70.40	1.60	0.00	0.00
97.60	34.40	33.10	31.80	28.50	70.70	2.40	0.00	0.00
97.70	34.60	33.20	31.80	28.50	70.30	2.20	0.00	0.00
97.80	34.50	33.20	31.80	28.50	70.70	2.50	0.00	0.00
97.90	34.50	33.20	31.80	28.50	69.30	2.20	0.00	0.00
98.00	34.60	33.10	31.90	28.50	70.10	2.00	0.00	0.00
98.10	34.60	33.30	31.90	28.60	70.40	2.20	0.00	0.00
98.20	34.60	33.30	31.90	28.60	70.60	2.20	0.00	0.00
98.30	34.40	33.00	31.70	28.50	70.60	2.20	0.00	0.00
98.40	34.50	33.20	31.80	28.60	70.40	1.90	0.00	0.00
98.50	34.50	33.20	31.80	28.60	70.40	2.20	0.00	0.00
98.60	34.50	33.30	31.90	28.50	70.40	2.50	0.00	0.00
98.70	34.50	33.30	31.90	28.50	70.90	2.50	0.00	0.00
98.80	34.40	33.10	31.90	28.60	70.70	0.80	0.00	0.00
98.90	34.40	33.30	31.80	28.70	70.70	2.80	0.00	0.00
99.00	34.40	33.30	31.80	28.70	70.60	2.40	0.00	0.00
99.10	34.50	33.10	31.90	28.50	70.40	2.70	0.00	0.00
99.20	34.50	33.20	31.90	28.50	70.90	1.90	0.00	0.00
99.30	34.50	33.20	31.90	28.50	70.90	1.90	0.00	0.00
99.40	34.40	33.10	31.90	28.50	70.30	2.50	0.00	0.00
99.50	34.50	33.10	31.80	28.50	70.40	2.40	0.00	0.00
99.60	34.50	33.10	31.80	28.50	70.60	2.50	0.00	0.00
99.70	34.40	33.20	31.90	28.60	70.60	2.40	0.00	0.00
99.80	34.40	33.20	31.90	28.50	70.10	2.50	0.00	0.00
99.90	34.40	33.20	31.90	28.50	70.60	2.00	0.00	0.00
100.00	34.40	33.20	31.90	28.50	70.30	2.20	0.00	0.00
100.10	34.30	33.20	31.80	28.40	71.60	1.90	0.00	0.00
100.20	34.30	33.20	31.80	28.40	71.60	1.90	0.00	0.00
100.30	34.40	33.20	31.80	28.50	70.40	2.50	0.00	0.00
100.40	34.30	33.10	31.80	28.50	70.70	2.40	0.00	0.00
100.50	34.30	33.10	31.80	28.50	70.40	1.90	0.00	0.00
100.60	34.40	33.20	31.90	28.50	71.60	2.00	0.00	0.00
100.70	34.30	33.10	31.80	28.40	70.70	2.40	0.00	0.00
100.80	34.30	33.10	31.80	28.40	70.30	2.40	0.00	0.00
100.90	34.30	33.10	31.70	28.50	70.90	2.00	0.00	0.00
101.00	34.30	33.00	31.70	28.40	70.40	2.20	0.00	0.00
101.10	34.30	33.00	31.70	28.40	70.40	2.20	0.00	0.00
101.20	34.40	33.20	31.90	28.60	70.10	1.90	0.00	0.00
101.30	34.30	33.20	32.00	28.50	70.30	2.00	0.00	0.00
101.40	34.30	33.20	32.00	28.50	70.60	2.00	0.00	0.00
101.50	34.40	33.20	31.90	28.50	71.00	2.20	0.00	0.00
101.60	34.20	33.00	31.70	28.50	70.10	2.20	0.00	0.00
101.70	34.20	33.00	31.70	28.50	69.90	2.40	0.00	0.00
101.80	34.40	33.20	31.90	28.60	70.30	2.40	0.00	0.00
101.90	34.40	33.20	31.90	28.60	70.60	1.90	0.00	0.00
102.00	34.30	33.20	31.80	28.60	70.60	1.90	0.00	0.00
102.10	34.40	33.10	32.00	28.50	70.60	2.00	0.00	0.00
102.20	34.40	33.10	32.00	28.50	70.40	2.00	0.00	0.00
102.30	34.40	33.20	31.90	28.60	70.70	2.00	0.00	0.00
102.40	34.40	33.10	31.80	28.50	70.60	1.90	0.00	0.00
102.50	34.40	33.10	31.80	28.50	70.40	2.00	0.00	0.00
102.60	34.50	33.30	31.90	28.50	70.70	2.20	0.00	0.00
102.70	34.40	33.20	31.90	28.70	70.70	2.00	0.00	0.00
102.80	34.40	33.20	31.90	28.70	70.30	2.40	0.00	0.00
102.90	34.30	33.20	31.80	28.40	70.30	2.40	0.00	0.00
103.00	34.40	33.30	31.90	28.70	70.40	2.40	0.00	0.00
103.10	34.40	33.30	31.90	28.70	70.40	2.40	0.00	0.00
103.20	34.30	33.20	32.00	28.60	70.70	2.40	0.00	0.00
103.30	34.40	33.20	31.80	28.50	70.60	2.00	0.00	0.00
103.40	34.40	33.20	31.80	28.50	70.60	2.50	0.00	0.00
103.50	34.20	33.20	31.80	28.70	70.70	2.20	0.00	0.00
103.60	34.30	33.20	31.90	28.60	70.60	2.00	0.00	0.00
103.70	34.30	33.20	31.90	28.60	70.10	2.70	0.00	0.00
103.80	34.20	33.20	31.70	28.60	70.40	2.40	0.00	0.00
103.90	34.20	33.10	31.80	28.50	70.40	2.40	0.00	0.00
104.00	34.20	33.10	31.80	28.50	70.30	2.00	0.00	0.00
104.10	34.30	33.10	31.90	28.60	70.60	2.80	0.00	0.00
104.20	34.20	33.10	31.80	28.50	70.40	2.70	0.00	0.00
104.30	34.20	33.10	31.80	28.50	70.40	1.90	0.00	0.00
104.40	34.20	33.10	31.90	28.50	70.60	2.50	0.00	0.00
104.50	34.20	33.10	31.90	28.50	70.60	2.20	0.00	0.00
104.60	34.20	33.20	31.90	28.60	70.60	2.40	0.00	0.00
104.70	34.30	33.20	31.90	28.60	70.60	2.40	0.00	0.00
104.80	34.30	33.20	31.90	28.60	70.60	1.90	0.00	0.00
104.90	34.20	33.20	32.00	28.50	70.60	2.40	0.00	0.00
105.00	34.20	33.20	31.90	28.50	70.40	2.40	0.00	0.00
105.10	34.20	33.20	31.90	28.50	70.90	2.80	0.00	0.00
105.20	34.20	33.20	31.80	28.50	69.50	2.00	0.00	0.00
105.30	34.20	33.20	31.80	28.50	70.60	2.50	0.00	0.00
105.40	34.20	33.20	31.80	28.50	70.40	2.40	0.00	0.00
105.50	34.20	33.10	31.80	28.50	70.60	2.00	0.00	0.00
105.60	34.20	33.10	31.80	28.50	70.60	2.40	0.00	0.00
105.70	34.30	33.10	31.90	28.60	70.60	2.40	0.00	0.00
105.80	34.30	33.20	32.00	28.70	70.60	2.40	0.00	0.00
105.90	34.20	33.20	31.80	28.70	70.60	2.00	0.00	0.00
106.00	34.20	33.20	31.80	28.70	70.40	1.90	0.00	0.00
106.10	34.20	33.20	31.80	28.50	70.70	1.90	0.00	0.00
106.20	34.20	33.20	31.80	28.50	70.90	2.20	0.00	0.00
106.30	34.30	33.10	32.00	28.70	70.40	2.40	0.00	0.00
106.40	34.10	33.20	31.80	28.50	70.60	2.40	0.00	0.00
106.50	34.10	33.20	31.80	28.50	70.60	2.20	0.00	0.00
106.60	34.30	33.20	32.00	28.70	70.60	2.20	0.00	0.00
106.70	34.20	33.10	31.90	28.50	70.60	2.40	0.00	0.00
106.80	34.20	33.10	31.90	28.50	70.40	2.70	0.00	0.00
106.90	34.20	33.20	31.90	28.60	70.70	2.20	0.00	0.00
107.00	34.20	33.20	31.90	28.60	70.90	2.40	0.00	0.00
107.10	34.20	33.20	31.90	28.60	70.30	2.40	0.00	0.00
