Ambient Temperature(C): 23.3
Ambient Pressure(in Hg): 29.5
Time(s)	T1(Deg C)	Wall Temp(Deg C)	Top Plate(Deg C)	Bottom Plate(Deg C)	P1(PSI)	P2(PSI)	Mass Flowrate(g/min)	Heater Energy (kJ)

0.00	30.40	29.90	25.50	23.20	-0.30	1.00	0.00	0.00
0.10	30.40	29.90	25.30	23.20	0.40	1.40	0.00	0.00
0.20	30.40	29.90	25.30	23.20	0.50	1.40	0.00	0.00
0.30	30.40	29.90	25.50	23.20	0.20	1.30	0.00	0.00
0.40	30.40	29.90	25.50	23.20	0.50	1.30	0.00	0.00
0.50	30.40	29.80	25.40	23.10	0.20	1.10	0.00	0.00
0.60	30.50	29.90	25.40	23.10	-0.10	1.10	0.00	0.00
0.70	30.50	29.90	25.40	23.10	0.80	1.00	0.00	0.00
0.80	30.50	30.00	25.50	23.30	0.70	1.30	0.00	0.00
0.90	30.50	30.00	25.50	23.20	0.40	1.00	0.00	0.00
1.00	30.50	30.00	25.50	23.20	0.40	1.00	0.00	0.00
1.10	30.40	29.90	25.40	23.20	0.50	1.30	0.00	0.00
1.20	30.50	29.90	25.60	23.20	-0.40	1.00	0.00	0.00
1.30	30.50	29.90	25.60	23.20	0.40	1.30	0.00	0.00
1.40	30.40	30.00	25.50	23.20	0.00	1.40	0.00	0.00
1.50	30.40	30.00	25.50	23.20	0.50	1.40	0.00	0.00
1.60	30.30	29.80	25.30	23.10	0.40	1.00	0.00	0.00
1.70	30.50	30.00	25.40	23.20	0.50	0.80	0.00	0.00
1.80	30.50	30.00	25.40	23.20	0.50	1.10	0.00	0.00
1.90	30.20	29.80	25.40	23.20	0.50	1.10	0.00	0.00
2.00	30.50	29.90	25.40	23.20	0.40	1.30	0.00	0.00
2.10	30.50	29.90	25.40	23.20	0.80	1.00	0.00	0.00
2.20	30.40	29.90	25.40	23.30	0.00	1.10	0.00	0.00
2.30	30.40	29.90	25.40	23.30	0.20	1.00	0.00	0.00
2.40	30.40	29.90	25.30	23.20	0.40	1.10	0.00	0.00
2.50	30.30	29.90	25.50	23.20	0.40	1.30	0.00	0.00
2.60	30.30	29.90	25.50	23.20	0.40	1.00	0.00	0.00
2.70	30.40	30.00	25.40	23.30	0.50	1.30	0.00	0.00
2.80	30.50	29.90	25.40	23.20	1.10	1.10	0.00	0.00
2.90	30.50	29.90	25.40	23.20	1.10	1.10	0.00	0.00
3.00	30.30	29.90	25.50	23.20	0.70	2.20	0.00	0.00
3.10	30.70	30.00	25.60	23.20	-0.30	1.30	0.00	0.00
3.20	30.70	30.00	25.60	23.20	0.40	1.60	0.00	0.00
3.30	30.30	29.90	25.50	23.10	0.50	1.60	0.00	0.00
3.40	30.40	29.90	25.50	23.30	0.20	0.70	0.00	0.00
3.50	30.40	29.90	25.50	23.30	0.50	1.10	0.00	0.00
3.60	30.40	29.90	25.50	23.30	-0.10	0.80	0.00	0.00
3.70	30.40	30.00	25.50	23.10	0.40	0.80	0.00	0.00
3.80	30.40	30.00	25.50	23.10	0.40	0.80	0.00	0.00
3.90	30.50	29.90	25.60	23.20	0.20	1.40	0.00	0.00
4.00	30.40	29.90	25.40	23.10	0.80	1.10	0.00	0.00
4.10	30.40	29.90	25.40	23.10	0.40	1.60	0.00	0.00
4.20	30.40	29.80	25.40	23.20	0.40	1.10	0.00	0.00
4.30	30.30	30.00	25.40	23.20	0.50	1.10	0.00	0.00
4.40	30.30	30.00	25.40	23.20	0.20	1.10	0.00	0.00
4.50	30.50	30.00	25.50	23.20	0.50	1.40	0.00	0.00
4.60	30.50	29.90	25.50	23.30	0.00	1.10	0.00	0.00
4.70	30.50	29.90	25.50	23.30	0.40	1.30	0.00	0.00
4.80	30.40	29.90	25.40	23.20	0.40	1.30	0.00	0.00
4.90	30.50	29.90	25.40	23.10	0.20	1.40	0.00	0.00
5.00	30.50	29.90	25.40	23.10	0.20	1.10	0.00	0.00
5.10	30.30	29.90	25.40	23.20	0.50	1.30	0.00	0.00
5.20	30.40	29.90	25.40	23.20	0.40	0.80	0.00	0.00
5.30	30.40	29.90	25.40	23.20	0.20	1.00	0.00	0.00
5.40	30.50	30.00	25.50	23.30	0.40	1.10	0.00	0.00
5.50	30.50	29.90	25.50	23.20	0.50	0.80	0.00	0.00
5.60	30.50	29.90	25.50	23.20	0.80	1.00	0.00	0.00
5.70	30.40	29.80	25.40	23.10	0.80	1.00	0.00	0.00
5.80	30.40	30.00	25.40	23.30	0.40	1.10	0.00	0.00
5.90	30.40	30.00	25.40	23.30	0.50	1.30	0.00	0.00
6.00	30.50	29.90	25.60	23.20	0.40	0.80	0.00	0.00
6.10	30.30	30.00	25.40	23.20	0.00	1.40	0.00	0.00
6.20	30.30	30.00	25.40	23.20	0.50	1.30	0.00	0.00
6.30	30.40	29.90	25.30	23.20	0.20	1.40	0.00	0.00
6.40	30.40	29.90	25.30	23.20	0.40	1.30	0.00	0.00
6.50	30.40	30.00	25.40	23.10	0.40	1.30	0.00	0.00
6.60	30.30	29.90	25.40	23.20	0.40	1.30	0.00	0.00
6.70	30.30	29.90	25.40	23.20	0.20	1.30	0.00	0.00
6.80	30.30	30.00	25.40	23.10	0.80	0.80	0.00	0.00
6.90	30.40	29.90	25.40	23.30	0.50	1.10	0.00	0.00
7.00	30.40	29.90	25.40	23.30	0.80	0.70	0.00	0.00
7.10	30.40	29.90	25.40	23.10	0.40	1.60	0.00	0.00
7.20	30.40	29.80	25.40	23.20	0.80	1.00	0.00	0.00
7.30	30.40	29.80	25.40	23.20	0.70	2.20	0.00	0.00
7.40	30.40	30.00	25.50	23.20	1.00	1.10	0.00	0.00
7.50	30.40	29.90	25.40	23.10	1.00	1.10	0.00	0.00
7.60	30.40	29.90	25.40	23.10	0.50	1.30	0.00	0.00
7.70	30.50	30.10	25.40	23.20	0.40	1.00	0.00	0.00
7.80	30.50	30.00	25.60	23.30	1.40	0.80	0.00	0.00
7.90	30.50	30.00	25.60	23.30	0.40	0.80	0.00	0.00
8.00	30.40	29.90	25.50	23.30	0.50	1.30	0.00	0.00
8.10	30.40	30.00	25.40	23.20	0.40	1.00	0.00	0.00
8.20	30.40	30.00	25.40	23.20	0.50	1.10	0.00	0.00
8.30	30.60	29.90	25.50	23.20	0.20	1.00	0.00	0.00
8.40	30.40	29.80	25.40	23.20	0.20	1.00	0.00	0.00
8.50	30.40	29.80	25.40	23.20	0.40	1.40	0.00	0.00
8.60	30.40	29.90	25.40	23.20	0.50	1.40	0.00	0.00
8.70	30.50	30.00	25.60	23.30	0.20	1.10	0.00	0.00
8.80	30.50	30.00	25.60	23.30	0.20	1.60	0.00	0.00
8.90	30.40	29.90	25.50	23.10	0.50	1.30	0.00	0.00
9.00	30.40	29.90	25.50	23.10	0.40	1.10	0.00	0.00
9.10	30.30	29.90	25.40	23.20	1.30	0.80	0.00	0.00
9.20	30.40	30.00	25.50	23.20	0.20	1.00	0.00	0.00
9.30	30.40	30.00	25.50	23.20	0.20	1.00	0.00	0.00
9.40	30.50	29.90	25.50	23.30	0.40	1.40	0.00	0.00
9.50	30.40	29.80	25.40	23.20	0.80	1.00	0.00	0.00
9.60	30.40	29.80	25.40	23.20	0.70	1.00	0.00	0.00
9.70	30.50	30.00	25.50	23.30	0.50	1.30	0.00	0.00
9.80	30.50	30.00	25.50	23.30	0.40	1.10	0.00	0.00
9.90	30.50	30.00	25.50	23.20	0.40	1.30	0.00	0.00
10.00	30.40	30.00	25.50	23.20	0.70	1.30	0.00	0.00
10.10	30.40	30.00	25.50	23.20	0.40	1.30	0.00	0.00
10.20	30.50	30.00	25.50	23.30	0.20	1.10	0.00	0.00
10.30	30.40	29.70	25.40	23.10	0.20	1.10	0.00	0.00
10.40	30.40	29.70	25.40	23.10	0.70	1.00	0.00	0.00
10.50	30.40	29.90	25.40	23.30	-1.30	1.40	0.00	0.00
10.60	30.40	29.90	25.40	23.30	0.50	0.80	0.00	0.00
10.70	30.50	30.00	25.50	23.40	0.50	1.40	0.00	0.00
10.80	30.50	30.00	25.50	23.10	0.80	1.60	0.00	0.00
10.90	30.50	30.00	25.50	23.10	0.50	1.40	0.00	0.00
11.00	30.50	29.80	25.50	23.30	0.50	1.10	0.00	0.00
11.10	30.50	29.80	25.50	23.30	0.50	1.70	0.00	0.00
11.20	30.40	29.90	25.50	23.20	-0.30	1.30	0.00	0.00
11.30	30.40	30.00	25.50	23.20	0.70	0.80	0.00	0.00
11.40	30.40	30.00	25.50	23.20	0.20	1.30	0.00	0.00
11.50	30.40	29.90	25.50	23.30	0.40	1.40	0.00	0.00
11.60	30.40	29.90	25.40	23.20	0.50	1.40	0.00	0.00
11.70	30.40	29.90	25.40	23.20	0.50	1.40	0.00	0.00
11.80	30.30	29.90	25.40	23.00	0.40	1.10	0.00	0.00
11.90	30.30	29.90	25.40	23.20	0.70	1.10	0.00	0.00
12.00	30.30	29.90	25.40	23.20	0.20	1.10	0.00	0.00
12.10	30.50	29.80	25.40	23.20	0.70	1.40	0.00	0.00
12.20	30.50	29.80	25.40	23.20	0.40	1.10	0.00	0.00
12.30	30.50	29.90	25.40	23.20	0.40	1.10	0.00	0.00
12.40	30.40	29.90	25.50	23.20	0.50	1.10	0.00	0.00
12.50	30.40	29.90	25.50	23.20	-0.30	1.00	0.00	0.00
12.60	30.40	30.00	25.40	23.30	0.40	1.30	0.00	0.00
12.70	30.50	30.10	25.60	23.30	0.00	1.10	0.00	0.00
12.80	30.50	30.10	25.60	23.30	0.50	1.90	0.00	0.00
12.90	30.30	29.90	25.40	23.20	0.50	1.00	0.00	0.00
13.00	30.40	29.90	25.50	23.20	0.70	1.30	0.00	0.00
13.10	30.40	29.90	25.50	23.20	0.70	1.30	0.00	0.00
13.20	30.50	30.00	25.50	23.30	0.40	1.90	0.00	0.00
13.30	30.50	30.00	25.50	23.30	0.40	1.00	0.00	0.00
13.40	30.30	29.80	25.50	23.20	0.80	0.80	0.00	0.00
13.50	30.40	29.80	25.40	23.20	0.40	1.30	0.00	0.00
13.60	30.40	29.80	25.40	23.20	0.20	1.00	0.00	0.00
13.70	30.40	29.90	25.40	23.10	0.20	1.30	0.00	0.00
13.80	30.30	29.70	25.40	23.20	0.50	0.80	0.00	0.00
13.90	30.30	29.70	25.40	23.20	0.50	1.10	0.00	0.00
14.00	30.30	29.90	25.40	23.30	0.40	1.40	0.00	0.00
14.10	30.40	29.90	25.50	23.20	0.40	1.40	0.00	0.00
14.20	30.40	29.90	25.50	23.20	0.40	1.10	0.00	0.00
14.30	30.50	29.80	25.60	23.30	0.50	1.30	0.00	0.00
14.40	30.40	30.00	25.60	23.20	0.40	1.00	0.00	0.00
14.50	30.40	30.00	25.60	23.20	0.20	1.60	0.00	0.00
14.60	30.40	29.90	25.50	23.20	0.50	1.30	0.00	0.00
14.70	30.30	29.90	25.50	23.30	0.50	1.30	0.00	0.00
14.80	30.30	29.90	25.50	23.30	0.40	1.00	0.00	0.00
14.90	30.40	30.00	25.50	23.20	0.20	1.30	0.00	0.00
15.00	30.40	30.00	25.50	23.20	0.20	1.30	0.00	0.00
15.10	30.30	29.90	25.40	23.10	0.80	1.10	0.00	0.00
15.20	30.30	29.90	25.40	23.20	0.20	1.10	0.00	0.00
15.30	30.30	29.90	25.40	23.20	0.40	1.10	0.00	0.00
15.40	30.40	29.80	25.40	23.20	1.90	0.80	0.00	0.00
15.50	30.40	29.80	25.40	23.20	1.30	1.40	0.00	0.00
15.60	29.90	30.00	25.40	23.10	1.90	1.30	0.00	0.00
15.70	30.70	29.90	25.50	23.20	1.30	1.30	0.00	0.00
15.80	30.70	29.90	25.50	23.20	1.30	1.10	0.00	0.00
15.90	31.00	29.90	25.50	23.10	1.30	1.10	0.00	0.00
16.00	31.20	30.00	25.50	23.20	1.30	1.10	0.00	0.00
16.10	31.20	30.00	25.50	23.20	1.70	1.10	0.00	0.00
16.20	31.00	29.90	25.40	23.10	2.20	1.10	0.00	0.00
16.30	31.00	29.90	25.40	23.10	1.70	1.30	0.00	0.00
16.40	31.10	29.90	25.50	23.30	1.30	1.30	0.00	0.00
16.50	30.90	30.00	25.50	23.20	1.30	1.30	0.00	0.00
16.60	30.90	30.00	25.50	23.20	1.40	0.80	0.00	0.00
16.70	30.90	29.90	25.40	23.20	1.60	1.00	0.00	0.00
16.80	30.90	30.00	25.50	23.20	1.70	1.00	0.00	0.00
16.90	30.90	30.00	25.50	23.20	1.70	1.00	0.00	0.00
17.00	30.70	29.80	25.30	23.20	1.90	1.10	0.00	0.00
17.10	30.70	29.80	25.30	23.20	1.70	1.00	0.00	0.00
17.20	30.70	29.80	25.40	23.10	1.60	1.30	0.00	0.00
17.30	30.70	29.90	25.60	23.20	1.90	1.30	0.00	0.00
17.40	30.70	29.90	25.60	23.20	1.60	1.40	0.01	0.00
17.50	30.60	29.80	25.40	23.20	1.30	1.30	0.00	0.00
17.60	30.70	29.90	25.40	23.20	1.70	1.30	0.00	0.00
17.70	30.70	29.90	25.40	23.20	1.60	1.60	0.00	0.00
17.80	30.50	29.80	25.40	23.20	1.60	1.60	0.14	0.00
17.90	30.60	29.80	25.50	23.20	1.90	0.80	1.87	0.00
18.00	30.60	29.80	25.50	23.20	1.60	1.40	4.04	0.00
18.10	30.50	29.90	25.50	23.20	1.60	1.40	6.12	0.00
18.20	30.50	29.90	25.50	23.20	1.70	1.30	8.15	0.00
18.30	30.50	29.80	25.40	23.20	1.60	1.10	9.86	0.00
18.40	30.60	29.90	25.50	23.20	1.70	1.40	11.39	0.00
18.50	30.60	29.90	25.50	23.20	0.20	1.40	12.85	0.00
18.60	30.80	29.90	25.40	23.20	1.60	1.30	14.34	0.00
18.70	30.80	29.90	25.60	23.10	1.90	1.00	15.81	0.00
18.80	30.80	29.90	25.60	23.10	1.90	1.00	17.57	0.00
18.90	30.80	29.80	25.40	23.10	1.90	1.10	19.28	0.00
19.00	30.90	30.00	25.50	23.20	2.20	1.10	20.60	0.00
19.10	30.90	30.00	25.50	23.20	2.20	1.30	21.36	0.00
19.20	31.00	29.70	25.50	23.20	1.90	0.80	21.86	0.00
19.30	31.00	29.80	25.50	23.20	2.20	1.60	22.40	0.00
19.40	31.00	29.80	25.50	23.20	2.50	1.40	22.96	0.00
19.50	30.90	29.80	25.30	23.20	2.50	1.60	23.48	0.00
19.60	31.10	29.90	25.50	23.20	2.40	1.30	24.09	0.00
19.70	31.10	29.90	25.50	23.20	2.40	1.10	24.99	0.00
19.80	31.00	29.90	25.50	23.20	2.40	1.10	25.98	0.00
19.90	31.00	29.90	25.50	23.20	2.20	1.30	27.21	0.00
20.00	31.40	30.10	25.60	23.30	2.70	1.40	28.30	0.00
20.10	31.40	30.10	25.60	23.30	3.00	1.10	29.56	0.00
20.20	31.30	29.90	25.40	23.30	3.10	1.10	31.28	0.00
20.30	31.40	30.00	25.50	23.20	2.80	1.10	32.03	0.00
20.40	31.40	30.00	25.50	23.20	2.80	1.30	32.48	0.00
20.50	31.40	29.90	25.30	23.20	2.50	1.60	32.63	0.00
20.60	31.60	29.80	25.40	23.20	3.00	1.60	32.64	0.00
20.70	31.60	29.80	25.40	23.20	3.10	1.10	33.08	0.00
20.80	31.70	29.80	25.40	23.10	3.10	1.10	33.74	0.00
20.90	31.80	29.90	25.50	23.20	3.40	1.30	34.42	0.00
21.00	31.80	29.90	25.50	23.20	3.30	1.00	35.65	0.00
21.10	31.70	29.80	25.50	23.10	3.70	1.10	37.45	0.00
21.20	31.80	29.90	25.50	23.40	3.70	1.40	38.36	0.00
21.30	31.80	29.90	25.50	23.40	3.40	1.10	39.01	0.00
21.40	31.70	29.90	25.50	23.20	3.60	1.00	39.55	0.00
21.50	32.00	29.90	25.50	23.20	3.90	1.60	40.37	0.00
21.60	32.00	29.90	25.50	23.20	4.20	1.00	41.19	0.00
21.70	32.10	29.90	25.50	23.20	4.20	1.00	41.61	0.00
21.80	31.90	29.90	25.50	23.20	3.90	1.40	42.08	0.00
21.90	31.90	29.90	25.50	23.20	4.40	1.40	42.80	0.00
22.00	32.00	29.80	25.40	23.10	4.50	0.80	44.04	0.00
22.10	32.10	29.80	25.40	23.20	4.70	1.60	45.92	0.00
22.20	32.10	29.80	25.40	23.20	4.80	1.10	47.63	0.00
22.30	32.30	30.00	25.70	23.40	4.70	1.60	48.60	0.00
22.40	32.30	30.00	25.70	23.40	4.70	1.40	49.18	0.00
22.50	32.30	29.80	25.40	23.20	5.00	1.30	49.55	0.00
22.60	32.40	29.90	25.50	23.30	5.00	1.10	50.21	0.00
22.70	32.60	29.90	25.60	23.30	5.00	1.10	50.32	0.00
22.80	32.60	29.90	25.60	23.30	5.10	1.30	50.25	0.00
22.90	32.70	29.90	25.40	23.20	5.10	1.30	50.21	0.00
23.00	32.70	29.90	25.40	23.20	5.60	1.40	50.15	0.00
23.10	32.80	29.80	25.50	23.30	5.70	2.20	50.04	0.00
23.20	32.80	29.90	25.50	23.20	5.70	1.30	49.96	0.00
23.30	32.80	29.90	25.50	23.20	5.10	1.60	49.91	0.00
23.40	32.70	29.90	25.50	23.30	5.30	1.10	49.87	0.00
23.50	32.80	29.90	25.60	23.30	5.90	1.40	49.74	0.00
23.60	32.80	29.90	25.60	23.30	5.90	1.40	49.70	0.00
23.70	32.70	29.90	25.50	23.20	5.90	0.80	49.67	0.00
23.80	32.80	29.80	25.50	23.20	6.50	0.50	49.65	0.00
23.90	32.80	29.80	25.50	23.20	6.50	1.00	49.59	0.00
24.00	32.80	29.80	25.40	23.20	6.40	1.40	49.50	0.00
24.10	32.70	29.90	25.40	23.30	6.50	0.80	49.47	0.00
24.20	32.70	29.90	25.40	23.30	6.50	1.30	49.93	0.00
24.30	32.80	29.80	25.40	23.10	6.70	1.10	50.66	0.00
24.40	32.80	29.80	25.50	23.20	7.10	1.30	50.66	0.00
24.50	32.80	29.80	25.50	23.20	7.10	1.30	50.60	0.00
24.60	33.00	29.80	25.40	23.20	7.30	1.30	50.51	0.00
24.70	33.00	29.80	25.40	23.20	7.10	1.40	50.54	0.00
24.80	33.00	29.80	25.40	23.20	7.70	1.10	50.46	0.00
24.90	32.90	29.70	25.40	23.10	7.10	1.10	50.38	0.00
25.00	32.90	29.70	25.40	23.10	7.70	1.00	50.32	0.00
25.10	33.20	29.90	25.60	23.20	7.90	0.80	50.27	0.00
25.20	33.10	29.90	25.40	23.30	7.70	1.60	50.19	0.00
25.30	33.10	29.90	25.40	23.30	8.40	1.70	50.18	0.00
25.40	33.20	30.00	25.50	23.30	8.40	1.70	50.17	0.00
25.50	33.10	29.90	25.50	23.20	8.20	1.60	50.07	0.00
25.60	33.10	29.90	25.50	23.20	8.70	1.10	50.06	0.00
25.70	33.10	29.90	25.50	23.10	8.40	1.40	50.00	0.00
25.80	33.10	30.00	25.60	23.30	8.20	1.40	49.96	0.00
25.90	33.10	30.00	25.60	23.30	9.00	0.70	49.87	0.00
26.00	33.10	29.90	25.50	23.30	9.10	1.10	49.89	0.00
26.10	33.00	29.80	25.50	23.20	8.80	1.00	49.86	0.00
26.20	33.00	29.80	25.50	23.20	9.10	2.20	49.79	0.00
26.30	33.20	29.90	25.40	23.20	9.10	2.20	49.73	0.00
26.40	33.30	29.90	25.50	23.30	9.10	2.20	49.73	0.00
26.50	33.30	29.90	25.50	23.30	9.60	1.10	49.69	0.00
26.60	33.30	29.80	25.40	23.20	9.40	0.70	49.63	0.00
26.70	33.30	29.80	25.40	23.10	9.90	1.10	49.62	0.00
26.80	33.30	29.80	25.40	23.10	9.40	1.60	49.61	0.00
26.90	33.20	30.00	25.50	23.20	10.40	1.30	49.57	0.00
27.00	33.30	29.90	25.50	23.20	9.90	1.00	49.51	0.00
27.10	33.30	29.90	25.50	23.20	10.10	2.40	49.46	0.00
27.20	33.30	29.80	25.50	23.30	9.60	1.00	49.48	0.00
27.30	33.30	29.80	25.50	23.30	9.60	1.00	49.47	0.00
27.40	33.40	30.00	25.60	23.30	10.40	1.40	49.43	0.00
27.50	33.30	29.90	25.40	23.30	10.40	1.40	49.40	0.00
27.60	33.30	29.90	25.40	23.30	10.40	1.00	49.51	0.00
27.70	33.50	29.90	25.60	23.30	10.50	1.40	50.51	0.00
27.80	33.40	29.90	25.60	23.30	10.80	1.30	50.56	0.00
27.90	33.40	29.90	25.60	23.30	10.70	1.30	50.51	0.00
28.00	33.30	29.70	25.40	23.20	10.70	1.10	50.38	0.00
28.10	33.30	29.70	25.40	23.20	11.40	1.10	50.43	0.00
28.20	33.30	29.80	25.40	23.10	11.40	1.10	50.38	0.00
28.30	33.50	30.00	25.60	23.40	11.10	1.40	50.37	0.00
28.40	33.50	30.00	25.60	23.40	11.30	1.40	50.30	0.00
28.50	33.30	29.80	25.40	23.20	11.40	1.00	50.30	0.00
28.60	33.30	29.80	25.40	23.20	11.60	1.70	50.19	0.00
28.70	33.40	29.80	25.50	23.30	11.30	1.40	50.14	0.00
28.80	33.50	30.10	25.60	23.40	11.60	1.40	50.11	0.00
28.90	33.50	30.10	25.60	23.40	11.60	1.00	50.07	0.00
29.00	33.40	29.90	25.50	23.10	11.90	1.40	50.05	0.00
29.10	33.40	29.90	25.40	23.10	11.90	1.10	50.07	0.00
29.20	33.40	29.90	25.40	23.10	11.90	1.10	50.00	0.00
29.30	33.50	29.80	25.30	23.30	12.40	1.10	49.96	0.00
29.40	33.50	29.80	25.30	23.30	12.20	1.00	49.96	0.00
29.50	33.50	29.80	25.50	23.30	12.70	1.40	49.93	0.00
29.60	33.50	29.90	25.50	23.20	12.50	1.00	49.88	0.00
29.70	33.50	29.90	25.50	23.20	12.70	1.40	49.91	0.00
29.80	33.50	29.80	25.50	23.30	13.00	1.30	49.86	0.00
29.90	33.50	29.80	25.40	23.20	13.00	1.40	49.79	0.00
30.00	33.50	29.80	25.40	23.20	13.10	1.30	49.80	0.00
30.10	33.50	29.80	25.50	23.20	13.10	1.30	49.75	0.00
30.20	33.60	29.80	25.50	23.20	13.40	0.80	49.73	0.00
30.30	33.60	29.80	25.50	23.20	13.70	0.80	49.68	0.00
30.40	33.40	29.90	25.50	23.30	13.90	1.60	49.67	0.00
30.50	33.60	30.10	25.50	23.30	13.30	1.10	49.60	0.00
30.60	33.60	30.10	25.50	23.30	13.40	1.00	49.59	0.00
30.70	33.60	29.70	25.30	23.20	13.70	1.30	49.60	0.00
30.80	33.70	29.90	25.40	23.20	14.50	1.00	49.57	0.00
30.90	33.70	29.90	25.40	23.20	14.40	1.30	49.48	0.00
31.00	33.60	29.90	25.50	23.20	14.40	1.90	49.47	0.00
31.10	33.60	29.90	25.50	23.20	14.40	1.90	49.48	0.00
31.20	33.70	29.80	25.40	23.10	15.60	1.00	49.41	0.00
31.30	33.70	29.70	25.50	23.30	14.50	1.60	49.44	0.00
31.40	33.70	29.70	25.50	23.30	14.70	1.00	50.81	0.00
31.50	33.60	29.80	25.60	23.30	14.80	1.70	51.10	0.00
31.60	33.70	29.90	25.40	23.20	15.00	1.40	51.05	0.00
31.70	33.70	29.90	25.40	23.20	15.00	1.30	51.02	0.00
31.80	33.50	29.90	25.40	23.20	14.50	1.30	50.96	0.00
31.90	33.60	29.80	25.50	23.30	15.30	1.00	50.98	0.00
32.00	33.60	29.80	25.50	23.30	14.70	1.10	50.90	0.00
32.10	33.50	29.90	25.50	23.30	15.60	1.30	50.84	0.00
32.20	33.70	29.90	25.40	23.30	15.60	1.30	50.78	0.00
32.30	33.70	29.90	25.40	23.30	15.30	1.40	50.82	0.00
32.40	33.60	29.70	25.40	23.10	15.60	1.70	50.77	0.00
32.50	33.60	29.90	25.60	23.20	16.10	1.40	50.69	0.00
32.60	33.60	29.90	25.60	23.20	16.10	1.30	50.66	0.00
32.70	33.70	30.00	25.50	23.20	16.10	1.00	50.66	0.00
32.80	33.70	29.90	25.60	23.40	16.20	1.10	50.62	0.00
32.90	33.70	29.90	25.60	23.40	16.50	1.70	50.57	0.00
33.00	33.70	29.90	25.40	23.20	16.50	1.70	50.52	0.00
33.10	33.70	29.90	25.40	23.20	16.40	1.30	50.47	0.00
33.20	33.80	29.90	25.40	23.30	16.40	1.30	50.47	0.00
33.30	33.70	29.80	25.50	23.20	16.70	1.00	50.44	0.00
33.40	33.70	29.80	25.50	23.20	16.50	1.10	50.33	0.00
33.50	33.70	29.70	25.40	23.10	16.70	-0.40	50.28	0.00
33.60	33.60	29.90	25.40	23.20	17.00	1.40	50.30	0.00
33.70	33.60	29.90	25.40	23.20	17.40	1.40	50.20	0.00
33.80	33.60	29.90	25.50	23.20	17.40	1.10	50.23	0.00
33.90	33.70	29.90	25.60	23.20	17.40	1.10	50.19	0.00
34.00	33.70	29.90	25.60	23.20	17.40	1.40	50.08	0.00
34.10	33.70	29.90	25.30	23.20	17.60	1.40	50.10	0.00
34.20	33.60	29.80	25.40	23.20	17.60	1.00	50.02	0.00
34.30	33.60	29.80	25.40	23.20	17.80	0.80	50.00	0.00
34.40	33.50	29.80	25.40	23.10	18.40	1.40	49.99	0.00
34.50	33.70	29.80	25.40	23.20	18.10	1.30	49.99	0.00
34.60	33.70	29.80	25.40	23.20	18.40	1.10	49.91	0.00
34.70	33.70	29.70	25.50	23.30	18.40	1.30	49.89	0.00
34.80	33.70	29.90	25.50	23.40	18.40	1.30	49.87	0.00
34.90	33.70	29.90	25.50	23.40	18.80	1.10	49.85	0.00
35.00	33.70	29.60	25.40	23.10	18.50	1.10	49.83	0.00
35.10	33.70	29.60	25.40	23.10	18.50	1.30	49.82	0.00
35.20	33.70	29.70	25.40	23.20	19.10	1.10	49.79	0.00
35.30	33.70	29.80	25.40	23.20	18.50	1.10	49.74	0.00
35.40	33.70	29.80	25.40	23.20	18.80	1.30	49.74	0.00
35.50	33.70	29.60	25.40	23.20	19.00	1.00	49.74	0.00
35.60	33.80	29.90	25.50	23.10	19.30	-0.90	49.68	0.00
35.70	33.80	29.90	25.50	23.10	19.30	1.10	49.67	0.00
35.80	33.80	30.00	25.60	23.30	19.30	1.10	49.63	0.00
35.90	33.80	30.00	25.60	23.30	19.30	1.30	49.57	0.00
36.00	33.70	29.90	25.40	23.20	19.90	1.10	49.60	0.00
36.10	33.80	29.80	25.40	23.20	19.60	1.10	49.53	0.00
36.20	33.80	29.80	25.40	23.20	20.10	1.60	49.57	0.00
36.30	33.70	29.90	25.50	23.20	19.80	1.10	49.55	0.00
36.40	33.70	29.90	25.50	23.20	19.90	1.10	49.47	0.00
36.50	33.90	29.80	25.50	23.20	20.50	1.30	49.44	0.00
36.60	33.80	29.70	25.40	23.30	20.40	1.70	49.47	0.00
36.70	33.80	29.70	25.40	23.30	20.40	1.40	49.46	0.00
36.80	33.80	29.80	25.40	23.20	20.40	1.10	49.41	0.00
36.90	33.90	29.70	25.40	23.20	20.50	1.60	49.41	0.00
37.00	33.90	29.70	25.40	23.20	21.00	1.00	49.36	0.00
37.10	33.80	29.70	25.50	23.20	20.70	1.30	49.36	0.00
37.20	33.70	29.70	25.30	23.00	20.70	1.10	49.33	0.00
37.30	33.70	29.70	25.30	23.00	21.00	1.30	49.29	0.00
37.40	33.80	29.90	25.60	23.30	21.00	1.10	49.31	0.00
37.50	33.80	29.90	25.60	23.30	21.00	1.00	49.33	0.00
37.60	33.90	29.90	25.50	23.30	21.30	1.30	49.30	0.00
37.70	33.80	29.80	25.40	23.20	21.30	1.30	49.30	0.00
37.80	33.80	29.80	25.40	23.20	21.80	1.10	49.23	0.00
37.90	33.80	29.90	25.50	23.30	21.80	1.10	49.24	0.00
38.00	33.70	29.80	25.40	23.30	21.60	1.40	49.21	0.00
38.10	33.70	29.80	25.40	23.30	21.80	1.00	49.18	0.00
38.20	33.80	29.70	25.50	23.20	21.80	1.40	49.17	0.00
38.30	33.80	29.70	25.30	23.20	22.10	1.30	49.15	0.00
38.40	33.80	29.70	25.30	23.20	22.50	1.10	49.12	0.00
38.50	33.70	29.80	25.50	23.20	22.50	1.60	49.43	0.00
38.60	33.80	29.70	25.50	23.10	22.50	1.60	50.76	0.00
38.70	33.80	29.70	25.50	23.10	22.20	1.30	51.02	0.00
38.80	33.80	29.80	25.40	23.20	22.50	1.30	50.98	0.00
38.90	33.90	29.70	25.40	23.00	22.70	1.10	50.95	0.00
39.00	33.90	29.70	25.40	23.00	22.80	1.00	50.84	0.00
39.10	33.90	29.70	25.40	23.20	22.10	1.40	50.81	0.00
39.20	33.90	29.70	25.40	23.20	23.30	1.30	50.84	0.00
39.30	33.70	29.80	25.40	23.20	23.10	1.10	50.76	0.00
39.40	34.00	29.90	25.50	23.30	23.30	1.00	50.73	0.00
39.50	34.00	29.90	25.50	23.30	23.90	1.00	50.68	0.00
39.60	34.00	29.90	25.60	23.20	23.80	1.10	50.63	0.00
39.70	33.90	29.70	25.50	23.10	23.60	1.30	50.57	0.00
39.80	33.90	29.70	25.50	23.10	23.30	1.10	50.52	0.00
39.90	34.00	29.80	25.60	23.30	24.10	0.70	50.54	0.00
40.00	34.00	29.80	25.50	23.20	23.90	1.40	50.50	0.00
40.10	34.00	29.80	25.50	23.20	24.40	2.00	50.45	0.00
40.20	34.00	29.90	25.50	23.30	24.40	0.70	50.41	0.00
40.30	34.00	29.90	25.50	23.30	24.40	1.30	50.37	0.00
40.40	34.00	29.80	25.50	23.20	24.20	1.30	50.32	0.00
40.50	34.00	29.80	25.50	23.20	24.70	1.00	50.25	0.00
40.60	34.10	29.90	25.50	23.30	24.70	1.30	50.23	0.00
40.70	34.00	29.80	25.60	23.20	24.80	1.30	50.19	0.00
40.80	34.00	29.80	25.60	23.20	25.10	1.30	50.17	0.00
40.90	34.00	29.70	25.40	23.20	24.80	1.30	50.07	0.00
41.00	34.00	29.70	25.40	23.20	25.00	1.40	50.02	0.00
41.10	34.00	29.70	25.40	23.20	24.20	1.40	50.02	0.00
41.20	34.00	29.70	25.50	23.20	25.60	-0.30	49.98	0.00
41.30	33.90	29.80	25.50	23.20	25.10	1.30	49.92	0.00
41.40	33.90	29.80	25.50	23.20	25.10	1.30	49.95	0.00
41.50	34.00	29.80	25.50	23.20	25.90	1.00	49.92	0.00
41.60	34.00	29.80	25.50	23.20	25.40	1.10	49.85	0.00
41.70	34.00	29.80	25.40	23.30	25.80	1.70	49.83	0.00
41.80	33.90	29.70	25.50	23.10	25.80	1.30	49.81	0.00
41.90	33.90	29.70	25.50	23.10	26.20	1.60	49.78	0.00
42.00	34.00	29.70	25.50	23.10	26.10	1.30	49.80	0.00
42.10	34.10	29.80	25.50	23.30	26.10	1.30	49.73	0.00
42.20	34.10	29.80	25.50	23.30	26.40	1.00	49.69	0.00
42.30	33.90	29.70	25.50	23.20	26.40	1.00	49.73	0.00
42.40	34.00	29.70	25.50	23.10	26.40	1.00	49.62	0.00
42.50	34.00	29.70	25.50	23.10	26.70	1.30	49.65	0.00
42.60	34.00	29.80	25.50	23.20	26.50	1.00	49.62	0.00
42.70	34.00	29.80	25.50	23.20	26.70	1.40	49.56	0.00
42.80	34.00	29.80	25.50	23.20	27.00	1.00	49.55	0.00
42.90	34.00	29.80	25.50	23.20	27.30	1.10	49.53	0.00
43.00	34.00	29.80	25.50	23.20	27.30	1.30	49.56	0.00
43.10	33.90	29.70	25.40	23.20	27.50	1.10	49.51	0.00
43.20	34.10	29.80	25.50	23.20	27.90	1.30	49.46	0.00
43.30	34.10	29.80	25.50	23.20	27.90	1.30	49.49	0.00
43.40	34.10	29.70	25.50	23.20	27.90	1.00	49.46	0.00
43.50	34.10	29.80	25.50	23.20	27.80	0.80	49.43	0.00
43.60	34.10	29.80	25.50	23.20	27.80	1.10	49.40	0.00
43.70	34.00	29.70	25.40	23.20	28.20	1.30	49.40	0.00
43.80	33.90	29.90	25.50	23.10	28.20	1.30	49.41	0.00
43.90	33.90	29.90	25.50	23.10	28.10	1.40	49.34	0.00
44.00	34.00	29.70	25.40	23.20	28.20	1.10	49.31	0.00
44.10	34.00	29.80	25.40	23.20	28.50	1.30	49.27	0.00
44.20	34.00	29.80	25.40	23.20	28.20	1.10	49.25	0.00
44.30	34.10	29.80	25.60	23.30	28.20	1.10	49.25	0.00
44.40	34.10	29.80	25.60	23.30	28.80	1.60	49.17	0.00
44.50	34.00	29.80	25.30	23.20	29.10	1.10	49.20	0.00
44.60	34.00	29.70	25.50	23.30	29.10	0.80	49.20	0.00
44.70	34.00	29.70	25.50	23.30	29.00	1.40	49.15	0.00
44.80	34.00	29.70	25.50	23.30	29.50	1.00	49.27	0.00
44.90	34.10	29.90	25.50	23.30	27.60	1.40	50.34	0.00
45.00	34.10	29.90	25.50	23.30	29.10	1.30	50.69	0.00
45.10	34.00	29.80	25.60	23.20	29.50	1.70	50.73	0.00
45.20	34.00	29.90	25.60	23.30	29.50	1.70	50.68	0.00
45.30	34.00	29.90	25.60	23.30	29.90	0.70	50.60	0.00
45.40	34.00	29.70	25.50	23.20	30.40	-0.60	50.59	0.00
45.50	34.00	29.70	25.50	23.20	29.90	1.00	50.56	0.00
45.60	34.20	29.80	25.50	23.20	30.10	1.30	50.47	0.00
45.70	34.00	29.90	25.50	23.20	30.20	0.40	50.34	0.00
45.80	34.00	29.90	25.50	23.20	30.20	1.40	50.34	0.00
45.90	34.10	29.90	25.70	23.20	30.50	1.10	50.30	0.00
46.00	34.10	29.80	25.50	23.20	30.70	1.30	50.31	0.00
46.10	34.10	29.80	25.50	23.20	30.50	1.10	50.24	0.00
46.20	34.20	29.80	25.60	23.20	30.50	1.10	50.13	0.00
46.30	34.00	29.80	25.40	23.10	30.70	1.10	50.17	0.00
46.40	34.00	29.80	25.40	23.10	31.00	1.70	50.10	0.00
46.50	34.00	29.90	25.60	23.20	31.00	1.10	50.05	0.00
46.60	34.10	29.70	25.50	23.20	30.80	1.10	50.08	0.00
46.70	34.10	29.70	25.50	23.20	30.80	1.00	50.00	0.00
46.80	34.20	29.80	25.70	23.20	31.60	0.70	49.96	0.00
46.90	34.20	29.80	25.70	23.20	31.80	1.10	49.89	0.00
47.00	34.10	29.70	25.60	23.10	32.20	1.10	49.98	0.00
47.10	34.20	29.80	25.60	23.20	32.20	1.10	49.83	0.00
47.20	34.20	29.80	25.60	23.20	31.90	1.60	49.81	0.00
47.30	34.10	29.90	25.50	23.30	32.10	1.00	49.82	0.00
47.40	34.10	29.90	25.50	23.30	32.40	1.30	49.72	0.00
47.50	34.20	29.90	25.50	23.30	31.90	1.30	49.75	0.00
47.60	34.10	29.80	25.50	23.40	32.10	1.00	49.74	0.00
47.70	34.10	29.80	25.50	23.40	32.50	1.30	49.69	0.00
47.80	34.10	30.00	25.60	23.40	33.00	1.00	49.68	0.00
47.90	34.10	29.70	25.50	23.20	32.80	1.40	49.65	0.00
48.00	34.10	29.70	25.50	23.20	32.50	1.30	49.53	0.00
48.10	34.30	29.80	25.60	23.30	32.50	1.30	49.56	0.00
48.20	34.00	29.80	25.50	23.20	32.80	1.60	49.49	0.00
48.30	34.00	29.80	25.50	23.20	33.00	1.10	49.51	0.00
48.40	34.00	29.70	25.50	23.20	33.50	1.10	49.42	0.00
48.50	34.00	29.80	25.50	23.10	33.00	1.10	49.40	0.00
48.60	34.00	29.80	25.50	23.10	33.30	1.30	49.36	0.00
48.70	34.10	29.80	25.40	23.20	33.30	1.30	49.33	0.00
48.80	34.10	29.80	25.40	23.20	33.80	1.00	49.35	0.00
48.90	34.20	29.70	25.50	23.30	33.50	0.70	50.30	0.00
49.00	34.00	29.80	25.50	23.20	33.10	1.30	50.88	0.00
49.10	34.00	29.80	25.50	23.20	33.10	1.30	50.92	0.00
49.20	34.00	29.80	25.40	23.10	33.60	1.00	50.84	0.00
49.30	34.10	29.80	25.40	23.20	34.20	1.30	50.81	0.00
49.40	34.10	29.80	25.40	23.20	34.10	-0.30	50.73	0.00
49.50	34.10	29.90	25.50	23.20	34.50	1.60	50.70	0.00
49.60	34.20	29.70	25.60	23.30	34.20	1.40	50.64	0.00
49.70	34.20	29.70	25.60	23.30	34.20	1.40	50.62	0.00
49.80	34.10	29.80	25.50	23.20	34.80	1.30	50.59	0.00
49.90	34.10	29.80	25.50	23.20	34.70	1.10	50.59	0.00
50.00	34.20	29.80	25.50	23.30	34.70	1.10	50.51	0.00
50.10	34.10	29.80	25.50	23.30	34.70	0.80	50.43	0.00
50.20	34.10	29.80	25.50	23.30	35.00	0.80	50.38	0.00
50.30	34.10	29.70	25.50	23.30	34.80	1.40	50.33	0.00
50.40	34.10	29.80	25.50	23.20	35.30	0.50	50.31	0.00
50.50	34.10	29.80	25.50	23.20	35.30	1.10	50.26	0.00
50.60	34.20	29.80	25.60	23.30	35.80	0.80	50.20	0.00
50.70	34.20	29.80	25.50	23.30	35.60	1.30	50.26	0.00
50.80	34.20	29.80	25.50	23.30	35.60	1.10	50.17	0.00
50.90	34.30	29.90	25.70	23.30	35.80	1.60	50.11	0.00
51.00	34.00	29.70	25.40	23.20	34.10	1.00	50.10	0.00
51.10	34.00	29.70	25.40	23.20	36.20	1.40	50.04	0.00
51.20	34.10	29.80	25.50	23.30	35.80	1.10	50.04	0.00
51.30	34.10	29.80	25.50	23.30	35.90	1.30	49.91	0.00
51.40	34.20	29.80	25.50	23.20	36.10	1.60	49.99	0.00
51.50	34.20	29.80	25.60	23.10	36.50	1.10	49.92	0.00
51.60	34.20	29.80	25.60	23.10	36.80	1.10	49.88	0.00
51.70	34.20	29.80	25.60	23.40	36.40	1.40	49.86	0.00
51.80	34.10	29.80	25.70	23.30	36.20	1.10	49.68	0.00
51.90	34.10	29.80	25.70	23.30	36.20	1.10	49.72	0.00
52.00	34.20	29.80	25.50	23.20	37.20	1.00	49.68	0.00
52.10	34.20	29.80	25.50	23.30	36.80	1.30	49.57	0.00
52.20	34.20	29.80	25.50	23.30	37.20	1.30	49.57	0.00
52.30	34.10	29.70	25.40	23.20	37.50	1.30	49.57	0.00
52.40	34.10	29.70	25.40	23.20	37.20	1.10	49.47	0.00
52.50	34.20	29.80	25.50	23.40	37.60	1.40	49.44	0.00
52.60	34.00	29.70	25.50	23.10	37.80	1.10	49.44	0.00
52.70	34.00	29.70	25.50	23.10	37.90	0.70	49.40	0.00
52.80	34.20	29.80	25.50	23.20	37.90	0.70	49.33	0.00
52.90	34.30	30.00	25.70	23.30	37.80	1.30	49.31	0.00
53.00	34.30	30.00	25.70	23.30	37.60	1.70	49.28	0.00
53.10	34.10	29.80	25.50	23.20	38.40	1.40	49.25	0.00
53.20	34.20	29.80	25.60	23.30	38.40	1.30	49.24	0.00
53.30	34.20	29.80	25.60	23.30	38.20	1.10	49.16	0.00
53.40	34.20	29.80	25.50	23.40	38.80	0.80	49.15	0.00
53.50	34.20	29.80	25.50	23.40	39.00	1.40	49.17	0.00
53.60	34.10	29.80	25.50	23.20	39.00	1.40	49.15	0.00
53.70	34.10	29.80	25.50	23.20	38.50	1.00	49.08	0.00
53.80	34.10	29.80	25.50	23.20	38.80	1.40	49.05	0.00
53.90	34.10	29.70	25.50	23.20	39.20	1.30	49.87	0.00
54.00	34.20	29.90	25.70	23.40	39.20	1.30	50.75	0.00
54.10	34.20	29.90	25.70	23.40	39.00	1.70	51.18	0.00
54.20	34.20	29.70	25.50	23.20	39.00	1.30	51.35	0.00
54.30	34.10	29.70	25.50	23.20	39.30	0.80	51.18	0.00
54.40	34.10	29.70	25.50	23.20	39.90	1.30	51.23	0.00
54.50	34.10	29.60	25.30	23.20	39.50	1.30	51.07	0.00
54.60	34.10	29.60	25.30	23.20	39.60	1.10	45.70	0.00
54.70	33.90	29.90	25.40	23.20	39.50	1.00	45.44	0.00
54.80	34.10	29.80	25.50	23.30	39.30	1.10	45.47	0.00
54.90	34.10	29.80	25.50	23.30	39.30	1.10	46.00	0.00
55.00	33.90	29.70	25.40	23.20	39.20	1.00	47.96	0.00
55.10	33.70	29.80	25.50	23.20	39.20	1.30	48.28	0.00
55.20	33.70	29.80	25.50	23.20	39.50	1.60	48.18	0.00
55.30	33.70	29.80	25.50	23.20	39.60	1.00	53.22	0.00
55.40	33.50	29.80	25.40	23.10	39.20	1.10	46.51	0.00
55.50	33.50	29.80	25.40	23.10	39.20	1.30	43.68	0.00
55.60	33.50	29.80	25.50	23.20	39.30	2.20	25.74	0.00
55.70	33.40	29.80	25.60	23.20	39.50	1.60	14.07	0.00
55.80	33.40	29.80	25.60	23.20	39.30	1.40	10.34	0.00
55.90	33.40	29.80	25.60	23.20	39.30	1.40	8.02	0.00
56.00	33.40	29.80	25.60	23.20	39.30	1.10	6.45	0.00
56.10	33.30	29.80	25.50	23.20	39.30	1.00	5.25	0.00
56.20	33.20	29.60	25.50	23.20	39.00	1.10	4.45	0.00
56.30	33.20	29.60	25.50	23.20	39.30	1.40	3.77	0.00
56.40	33.00	29.70	25.60	23.20	39.00	1.60	3.33	0.00
56.50	33.10	29.70	25.50	23.20	39.20	0.80	2.84	0.00
56.60	33.10	29.70	25.50	23.20	39.30	1.10	2.55	0.00
56.70	32.90	29.70	25.40	23.20	39.30	1.10	2.25	0.00
56.80	32.90	29.80	25.60	23.30	39.50	1.40	1.95	0.00
56.90	32.90	29.80	25.60	23.30	39.50	1.40	1.74	0.00
57.00	32.80	29.60	25.50	23.20	38.80	1.30	1.63	0.00
57.10	32.80	29.90	25.60	23.20	39.30	1.40	1.49	0.00
57.20	32.90	29.70	25.50	23.20	39.00	1.10	1.34	0.00
57.30	32.90	29.70	25.50	23.20	39.00	1.40	1.20	0.00
57.40	32.90	29.80	25.70	23.30	38.80	1.10	1.05	0.00
57.50	32.90	29.80	25.70	23.30	39.20	1.60	1.02	0.00
57.60	32.70	29.70	25.60	23.20	39.50	1.40	0.95	0.00
57.70	32.90	29.90	25.70	23.40	39.30	1.40	0.85	0.00
57.80	32.90	29.90	25.70	23.40	39.30	1.40	0.81	0.00
57.90	32.60	29.60	25.40	23.10	39.20	1.60	0.71	0.00
58.00	32.50	29.70	25.50	23.10	39.00	1.30	0.66	0.00
58.10	32.50	29.70	25.50	23.10	38.80	1.10	0.60	0.00
58.20	32.50	29.70	25.40	23.10	39.00	1.40	0.58	0.00
58.30	32.60	29.70	25.50	23.10	38.80	1.60	0.53	0.00
58.40	32.60	29.70	25.50	23.10	39.00	1.30	0.56	0.00
58.50	32.60	29.80	25.50	23.20	39.20	1.10	0.46	0.00
58.60	32.60	29.80	25.50	23.20	39.30	1.30	0.46	0.00
58.70	32.40	29.70	25.50	23.10	39.80	1.40	0.41	0.00
58.80	32.50	29.80	25.60	23.30	39.80	1.40	0.41	0.00
58.90	32.50	29.80	25.60	23.30	39.20	1.60	0.39	0.00
59.00	32.50	29.70	25.60	23.20	38.50	0.70	0.27	0.00
59.10	32.40	29.80	25.50	23.30	39.50	1.30	0.32	0.00
59.20	32.40	29.80	25.50	23.30	39.50	0.70	0.34	0.00
59.30	32.60	29.70	25.70	23.30	39.00	1.40	0.27	0.00
59.40	32.40	29.80	25.50	23.20	38.80	1.40	0.27	0.00
59.50	32.40	29.80	25.50	23.20	39.00	1.60	0.25	0.00
59.60	32.30	29.60	25.40	23.20	39.20	1.40	0.27	0.00
59.70	32.30	29.60	25.40	23.20	39.20	1.40	0.27	0.00
59.80	32.30	29.70	25.50	23.10	39.30	1.10	0.24	0.00
59.90	32.50	29.80	25.70	23.30	38.80	1.10	0.24	0.00
60.00	32.50	29.80	25.70	23.30	39.00	1.60	0.25	0.00
60.10	32.30	29.80	25.50	23.30	39.00	1.10	0.24	0.00
60.20	32.40	29.80	25.60	23.30	39.00	1.10	0.19	0.00
60.30	32.40	29.80	25.60	23.30	39.00	1.00	0.24	0.00
60.40	32.40	29.80	25.50	23.40	39.00	1.40	0.21	0.00
60.50	32.30	29.70	25.70	23.20	39.00	1.00	0.21	0.00
60.60	32.30	29.70	25.70	23.20	39.00	1.00	0.19	0.00
60.70	32.30	29.80	25.60	23.30	39.20	1.10	0.21	0.00
60.80	32.30	29.70	25.50	23.10	39.20	1.40	0.21	0.00
60.90	32.30	29.70	25.50	23.10	39.80	1.10	0.19	0.00
61.00	32.30	29.70	25.60	23.30	38.70	1.30	0.21	0.00
61.10	32.20	29.70	25.60	23.20	39.30	1.40	0.21	0.00
61.20	32.20	29.70	25.60	23.20	39.20	1.30	0.14	0.00
61.30	32.20	29.60	25.50	23.20	39.00	0.40	0.19	0.00
61.40	32.20	29.60	25.50	23.20	39.20	1.40	0.17	0.00
61.50	32.20	29.60	25.60	23.30	39.20	1.40	0.12	0.00
61.60	32.20	29.80	25.60	23.40	39.50	2.00	0.14	0.00
61.70	32.20	29.80	25.60	23.40	39.30	1.30	0.12	0.00
61.80	32.10	29.70	25.60	23.20	39.00	1.10	0.12	0.00
61.90	32.10	29.70	25.60	23.20	38.70	1.10	0.14	0.00
62.00	32.10	29.70	25.60	23.20	39.20	1.30	0.17	0.00
62.10	32.00	29.70	25.40	23.10	38.70	1.60	0.12	0.00
62.20	32.10	29.90	25.50	23.20	38.80	1.10	0.14	0.00
62.30	32.10	29.90	25.50	23.20	37.30	1.30	0.19	0.00
62.40	32.20	29.70	25.60	23.20	39.20	1.10	0.14	0.00
62.50	32.10	29.70	25.60	23.20	39.30	1.10	0.14	0.00
62.60	32.10	29.70	25.60	23.20	39.20	1.10	0.07	0.00
62.70	32.00	29.60	25.50	23.20	39.90	0.80	0.02	0.00
62.80	32.10	29.90	25.60	23.30	39.00	1.00	0.02	0.00
62.90	32.10	29.90	25.60	23.30	38.80	1.60	0.07	0.00
63.00	32.10	29.70	25.60	23.20	39.50	1.30	0.02	0.00
63.10	32.10	29.70	25.60	23.20	38.80	1.00	-0.02	0.00
63.20	32.00	29.70	25.50	23.20	38.70	1.10	0.07	0.00
63.30	32.20	29.70	25.60	23.30	39.00	1.10	0.00	0.00
63.40	32.20	29.70	25.60	23.30	39.00	1.10	0.02	0.00
63.50	32.10	29.80	25.60	23.40	39.20	1.40	0.02	0.00
63.60	32.00	29.80	25.60	23.20	39.00	0.50	0.00	0.00
63.70	32.00	29.80	25.60	23.20	39.20	1.00	0.00	0.00
63.80	32.20	29.70	25.60	23.30	39.00	1.70	0.00	0.00
63.90	31.80	29.60	25.50	23.20	38.80	1.00	0.00	0.00
64.00	31.80	29.60	25.50	23.20	39.20	1.00	0.00	0.00
64.10	32.00	29.80	25.60	23.20	39.60	1.10	0.00	0.00
64.20	31.90	29.60	25.50	23.10	39.30	1.00	0.00	0.00
64.30	31.90	29.60	25.50	23.10	39.30	1.00	0.00	0.00
64.40	31.90	29.80	25.50	23.20	39.50	1.10	0.00	0.00
64.50	32.00	29.80	25.60	23.40	39.00	1.40	0.00	0.00
64.60	32.00	29.80	25.60	23.40	38.80	1.40	0.00	0.00
64.70	32.00	29.80	25.60	23.30	38.50	1.10	0.00	0.00
64.80	32.00	29.70	25.50	23.20	39.50	1.40	0.00	0.00
64.90	32.00	29.70	25.50	23.20	39.30	1.60	0.00	0.00
65.00	31.90	29.70	25.50	23.10	39.50	1.10	0.00	0.00
65.10	31.90	29.70	25.50	23.10	38.80	0.80	0.00	0.00
65.20	31.90	29.80	25.60	23.20	39.00	1.60	0.00	0.00
65.30	32.00	29.80	25.60	23.30	39.00	1.60	0.00	0.00
65.40	32.00	29.80	25.60	23.30	39.20	1.10	0.00	0.00
65.50	31.80	29.70	25.50	23.30	39.20	0.80	0.00	0.00
65.60	31.80	29.70	25.60	23.20	39.00	1.00	0.00	0.00
65.70	31.80	29.70	25.60	23.20	39.00	1.40	0.00	0.00
65.80	31.70	29.70	25.40	23.20	39.00	1.10	0.00	0.00
65.90	31.70	29.70	25.40	23.20	37.00	1.60	0.00	0.00
66.00	31.80	29.70	25.50	23.30	38.50	1.10	0.00	0.00
66.10	31.80	29.70	25.50	23.30	39.00	1.30	0.00	0.00
66.20	31.60	29.60	25.50	23.10	38.70	1.10	0.00	0.00
66.30	31.80	29.70	25.60	23.30	38.80	1.70	0.00	0.00
66.40	31.80	29.70	25.60	23.30	39.30	0.80	0.00	0.00
66.50	31.70	29.80	25.70	23.30	38.80	1.70	0.00	0.00
66.60	31.80	29.80	25.50	23.20	38.80	1.60	0.00	0.00
66.70	31.80	29.80	25.50	23.20	39.20	1.70	0.00	0.00
66.80	31.80	29.80	25.70	23.40	38.70	1.40	0.00	0.00
66.90	31.80	29.80	25.70	23.40	38.80	1.60	0.00	0.00
67.00	31.70	29.80	25.50	23.30	38.80	1.30	0.00	0.00
67.10	31.70	29.80	25.60	23.30	38.80	1.10	0.00	0.00
67.20	31.70	29.80	25.60	23.30	38.80	1.10	0.00	0.00
67.30	31.60	29.70	25.60	23.20	39.20	1.60	0.00	0.00
67.40	31.60	29.70	25.60	23.20	39.30	0.80	0.00	0.00
67.50	31.60	29.70	25.60	23.20	39.00	1.10	0.00	0.00
67.60	31.70	29.80	25.60	23.30	39.30	1.00	0.00	0.00
67.70	31.70	29.80	25.70	23.30	39.00	1.10	0.00	0.00
67.80	31.70	29.80	25.70	23.30	38.80	1.40	0.00	0.00
67.90	31.80	29.80	25.70	23.30	39.00	1.60	0.00	0.00
68.00	31.80	29.80	25.70	23.30	39.00	1.30	0.00	0.00
68.10	31.60	29.60	25.40	23.10	38.80	1.40	0.00	0.00
68.20	31.60	29.60	25.40	23.10	38.80	1.40	0.00	0.00
68.30	31.80	29.80	25.70	23.40	39.50	0.80	0.00	0.00
68.40	31.70	29.70	25.50	23.30	39.00	1.10	0.00	0.00
68.50	31.70	29.70	25.50	23.30	39.00	2.20	0.00	0.00
68.60	31.70	29.70	25.60	23.30	39.00	1.30	0.00	0.00
68.70	31.70	29.70	25.60	23.30	39.00	1.40	0.00	0.00
68.80	31.60	29.80	25.60	23.30	39.00	1.00	0.00	0.00
68.90	31.60	29.60	25.60	23.30	38.80	1.00	0.00	0.00
69.00	31.60	29.60	25.60	23.30	39.20	1.40	0.00	0.00
69.10	31.60	29.70	25.50	23.30	39.20	1.40	0.00	0.00
69.20	31.60	29.70	25.60	23.30	37.20	1.40	0.00	0.00
69.30	31.60	29.70	25.60	23.30	38.70	1.10	0.00	0.00
69.40	31.50	29.60	25.50	23.20	39.00	1.40	0.00	0.00
69.50	31.50	29.60	25.40	23.20	39.00	1.00	0.00	0.00
69.60	31.50	29.60	25.40	23.20	38.70	1.00	0.00	0.00
69.70	31.60	29.70	25.60	23.40	38.70	1.10	0.00	0.00
69.80	31.50	29.70	25.50	23.30	38.80	1.30	0.00	0.00
69.90	31.50	29.70	25.50	23.30	39.00	1.60	0.00	0.00
70.00	31.50	29.60	25.50	23.20	39.00	1.10	0.00	0.00
70.10	31.50	29.80	25.60	23.40	39.00	1.10	0.00	0.00
70.20	31.50	29.80	25.60	23.40	39.00	1.30	0.00	0.00
70.30	31.40	29.80	25.60	23.30	38.70	1.40	0.00	0.00
70.40	31.60	29.80	25.50	23.30	39.00	1.40	0.00	0.00
70.50	31.60	29.80	25.50	23.30	39.20	1.30	0.00	0.00
70.60	31.60	29.80	25.50	23.40	39.20	1.30	0.00	0.00
70.70	31.60	29.80	25.50	23.40	38.80	0.40	0.00	0.00
70.80	31.50	29.80	25.60	23.20	39.00	1.60	0.00	0.00
70.90	31.40	29.70	25.50	23.30	39.20	1.30	0.00	0.00
71.00	31.40	29.70	25.50	23.30	38.80	1.30	0.00	0.00
71.10	31.50	29.70	25.60	23.30	37.60	1.10	0.00	0.00
71.20	31.30	29.60	25.40	23.20	39.20	1.60	0.00	0.00
71.30	31.30	29.60	25.40	23.20	39.00	1.40	0.00	0.00
71.40	31.50	29.70	25.50	23.20	38.80	1.60	0.00	0.00
71.50	31.30	29.60	25.50	23.20	39.00	1.90	0.00	0.00
71.60	31.30	29.60	25.50	23.20	39.00	1.60	0.00	0.00
71.70	31.50	29.80	25.60	23.20	39.00	1.10	0.00	0.00
71.80	31.30	29.70	25.60	23.30	39.50	1.10	0.00	0.00
71.90	31.30	29.70	25.60	23.30	37.60	1.10	0.00	0.00
72.00	31.30	29.70	25.50	23.30	37.60	1.10	0.00	0.00
72.10	31.30	29.70	25.50	23.30	38.80	1.60	0.00	0.00
72.20	31.40	29.80	25.70	23.30	38.80	1.10	0.00	0.00
72.30	31.40	29.90	25.60	23.30	39.90	0.80	0.00	0.00
72.40	31.40	29.90	25.60	23.30	39.50	2.00	0.00	0.00
72.50	31.30	29.60	25.50	23.20	39.00	1.10	0.00	0.00
72.60	31.30	29.60	25.50	23.20	39.00	1.40	0.00	0.00
72.70	31.30	29.70	25.50	23.20	39.20	1.10	0.00	0.00
72.80	31.30	29.70	25.60	23.30	39.00	1.30	0.00	0.00
72.90	31.30	29.70	25.60	23.30	39.00	1.30	0.00	0.00
73.00	31.40	29.80	25.60	23.20	38.80	1.40	0.00	0.00
73.10	31.30	29.70	25.50	23.20	38.80	1.40	0.00	0.00
73.20	31.30	29.70	25.50	23.20	38.70	1.10	0.00	0.00
73.30	31.30	29.60	25.50	23.30	39.20	1.30	0.00	0.00
73.40	31.20	29.60	25.50	23.20	38.70	1.30	0.00	0.00
73.50	31.20	29.60	25.50	23.20	39.00	1.10	0.00	0.00
73.60	31.40	29.90	25.60	23.40	39.20	1.40	0.00	0.00
73.70	31.40	29.90	25.60	23.40	38.70	0.80	0.00	0.00
73.80	31.20	29.60	25.50	23.10	39.00	1.30	0.00	0.00
73.90	31.20	29.70	25.60	23.30	39.00	1.30	0.00	0.00
74.00	31.20	29.70	25.60	23.30	38.70	1.30	0.00	0.00
74.10	31.20	29.80	25.70	23.30	39.00	1.10	0.00	0.00
74.20	31.20	29.80	25.70	23.30	39.20	1.60	0.00	0.00
74.30	31.30	29.80	25.60	23.40	39.20	1.00	0.00	0.00
74.40	31.30	29.70	25.60	23.20	38.70	1.10	0.00	0.00
74.50	31.30	29.70	25.60	23.20	39.30	1.10	0.00	0.00
74.60	31.30	29.90	25.60	23.30	39.00	1.40	0.00	0.00
74.70	31.30	29.90	25.60	23.30	39.00	1.40	0.00	0.00
74.80	31.30	29.70	25.50	23.30	38.70	1.70	0.00	0.00
74.90	31.30	29.80	25.70	23.40	38.70	1.70	0.00	0.00
75.00	31.30	29.80	25.70	23.40	38.80	1.30	0.00	0.00
75.10	31.20	29.70	25.60	23.30	39.20	1.10	0.00	0.00
75.20	31.20	29.70	25.60	23.30	39.00	0.50	0.00	0.00
75.30	31.20	29.70	25.60	23.30	39.20	1.30	0.00	0.00
75.40	31.30	29.70	25.60	23.40	39.00	1.60	0.00	0.00
75.50	31.20	29.80	25.60	23.30	38.70	1.00	0.00	0.00
75.60	31.20	29.80	25.60	23.30	39.00	1.10	0.00	0.00
75.70	31.20	29.60	25.50	23.20	38.80	1.10	0.00	0.00
75.80	31.20	29.60	25.60	23.20	39.20	1.10	0.00	0.00
75.90	31.20	29.60	25.60	23.20	39.20	1.10	0.00	0.00
76.00	31.30	29.90	25.70	23.40	39.00	0.80	0.00	0.00
76.10	31.10	29.70	25.60	23.30	39.00	1.00	0.00	0.00
76.20	31.10	29.70	25.60	23.30	39.20	1.30	0.00	0.00
76.30	31.20	29.70	25.50	23.20	39.00	1.30	0.00	0.00
76.40	31.20	29.80	25.70	23.40	39.00	1.70	0.00	0.00
76.50	31.20	29.80	25.70	23.40	39.00	1.10	0.00	0.00
76.60	31.20	29.70	25.60	23.20	39.00	1.70	0.00	0.00
76.70	31.20	29.70	25.60	23.20	38.80	1.70	0.00	0.00
76.80	31.20	29.70	25.50	23.20	38.80	1.70	0.00	0.00
76.90	31.20	29.70	25.50	23.20	38.80	1.30	0.00	0.00
77.00	31.10	29.70	25.40	23.20	38.50	1.60	0.00	0.00
77.10	31.00	29.70	25.60	23.30	39.00	1.10	0.00	0.00
77.20	31.00	29.70	25.60	23.30	39.00	1.10	0.00	0.00
77.30	31.10	29.80	25.50	23.30	38.80	1.10	0.00	0.00
77.40	31.10	29.80	25.50	23.30	39.50	1.40	0.00	0.00
77.50	31.20	29.70	25.60	23.20	39.20	1.10	0.00	0.00
77.60	31.10	29.80	25.60	23.40	38.80	1.30	0.00	0.00
77.70	31.10	29.80	25.60	23.40	38.80	1.30	0.00	0.00
77.80	31.10	29.70	25.50	23.20	39.50	1.10	0.00	0.00
77.90	31.10	29.60	25.60	23.20	39.00	0.80	0.00	0.00
78.00	31.10	29.60	25.60	23.20	39.30	1.30	0.00	0.00
78.10	31.20	29.80	25.60	23.40	38.80	1.60	0.00	0.00
78.20	31.00	29.70	25.60	23.30	39.00	1.30	0.00	0.00
78.30	31.00	29.70	25.60	23.30	38.40	0.70	0.00	0.00
78.40	31.10	29.60	25.50	23.20	39.00	1.30	0.00	0.00
78.50	31.20	29.70	25.60	23.30	38.40	1.40	0.00	0.00
78.60	31.20	29.70	25.60	23.30	39.20	0.80	0.00	0.00
78.70	31.00	29.80	25.60	23.20	39.20	0.80	0.00	0.00
78.80	31.10	29.70	25.70	23.40	38.50	1.00	0.00	0.00
78.90	31.10	29.70	25.70	23.40	39.00	1.40	0.00	0.00
79.00	31.20	29.70	25.50	23.30	38.70	1.30	0.00	0.00
79.10	31.10	29.70	25.70	23.20	39.20	1.00	0.00	0.00
79.20	31.10	29.70	25.70	23.20	39.20	1.40	0.00	0.00
79.30	31.10	29.80	25.60	23.20	39.00	1.40	0.00	0.00
79.40	31.10	29.80	25.60	23.20	39.20	1.10	0.00	0.00
79.50	31.10	29.70	25.50	23.20	38.80	1.00	0.00	0.00
79.60	31.00	29.60	25.50	23.20	38.80	1.00	0.00	0.00
79.70	31.00	29.60	25.50	23.20	38.80	1.10	0.00	0.00
79.80	31.00	29.80	25.50	23.20	39.00	1.30	0.00	0.00
79.90	30.90	29.60	25.60	23.20	38.50	1.00	0.00	0.00
80.00	30.90	29.60	25.60	23.20	39.00	1.30	0.00	0.00
80.10	31.00	29.80	25.70	23.30	39.00	1.00	0.00	0.00
80.20	31.10	29.80	25.60	23.40	38.80	1.40	0.00	0.00
80.30	31.10	29.80	25.60	23.40	39.00	1.10	0.00	0.00
80.40	31.10	29.80	25.60	23.20	38.70	0.80	0.00	0.00
80.50	31.10	29.90	25.60	23.20	39.00	1.30	0.00	0.00
80.60	31.10	29.90	25.60	23.20	39.00	1.30	0.00	0.00
80.70	31.00	29.70	25.60	23.30	38.70	1.40	0.00	0.00
80.80	31.00	29.60	25.50	23.20	39.00	1.40	0.00	0.00
80.90	31.00	29.60	25.50	23.20	39.30	1.60	0.00	0.00
81.00	31.00	29.70	25.70	23.30	39.00	1.30	0.00	0.00
81.10	31.00	29.70	25.70	23.30	39.20	1.00	0.00	0.00
81.20	31.00	29.70	25.60	23.20	38.80	0.80	0.00	0.00
81.30	31.00	29.60	25.60	23.40	39.20	1.40	0.00	0.00
81.40	31.00	29.60	25.60	23.40	38.80	1.10	0.00	0.00
81.50	31.00	29.70	25.60	23.30	39.00	1.70	0.00	0.00
81.60	31.00	29.70	25.60	23.30	39.00	1.70	0.00	0.00
81.70	31.00	29.70	25.60	23.30	38.80	1.90	0.00	0.00
81.80	31.00	29.70	25.60	23.30	39.00	1.40	0.00	0.00
81.90	31.00	29.70	25.60	23.30	38.80	1.40	0.00	0.00
82.00	30.80	29.60	25.60	23.10	39.00	1.40	0.00	0.00
82.10	31.00	29.70	25.50	23.30	38.70	1.40	0.00	0.00
82.20	31.00	29.70	25.50	23.30	39.00	1.00	0.00	0.00
82.30	31.00	29.80	25.70	23.40	38.80	1.30	0.00	0.00
82.40	30.90	29.80	25.60	23.30	38.80	1.10	0.00	0.00
82.50	30.90	29.80	25.60	23.30	39.00	1.40	0.00	0.00
82.60	30.90	29.80	25.60	23.40	39.00	1.40	0.00	0.00
82.70	30.80	29.60	25.50	23.30	39.50	1.30	0.00	0.00
82.80	30.80	29.60	25.50	23.30	39.20	1.10	0.00	0.00
82.90	30.90	29.80	25.50	23.30	39.20	1.30	0.00	0.00
83.00	30.90	29.70	25.50	23.20	39.20	1.30	0.00	0.00
83.10	30.90	29.70	25.50	23.20	39.00	1.00	0.00	0.00
83.20	30.90	29.70	25.60	23.20	39.00	1.30	0.00	0.00
83.30	30.90	29.70	25.50	23.30	38.80	1.00	0.00	0.00
83.40	30.90	29.70	25.50	23.30	39.00	1.40	0.00	0.00
83.50	30.90	29.70	25.50	23.30	38.70	1.40	0.00	0.00
83.60	30.90	29.70	25.70	23.40	38.70	1.40	0.00	0.00
83.70	30.90	29.70	25.70	23.40	39.20	1.10	0.00	0.00
83.80	30.90	29.80	25.60	23.40	39.30	1.40	0.00	0.00
83.90	30.90	29.80	25.60	23.40	39.00	1.10	0.00	0.00
84.00	30.90	29.60	25.60	23.20	39.00	1.00	0.00	0.00
84.10	30.90	29.70	25.60	23.20	38.70	1.30	0.00	0.00
84.20	30.90	29.70	25.60	23.20	38.80	1.40	0.00	0.00
84.30	30.90	29.80	25.60	23.40	39.20	1.10	0.00	0.00
84.40	30.90	29.80	25.60	23.40	39.00	1.10	0.00	0.00
84.50	30.90	29.70	25.60	23.20	38.80	1.00	0.00	0.00
84.60	30.90	29.80	25.50	23.20	38.80	1.00	0.00	0.00
84.70	30.90	29.80	25.50	23.20	39.30	1.10	0.00	0.00
84.80	30.90	29.70	25.50	23.20	39.00	1.10	0.00	0.00
84.90	30.80	29.70	25.60	23.20	38.50	1.30	0.00	0.00
85.00	30.80	29.70	25.60	23.20	39.30	1.10	0.00	0.00
85.10	30.60	29.60	25.40	23.10	39.20	1.10	0.00	0.00
85.20	30.80	29.80	25.60	23.30	38.80	1.40	0.00	0.00
85.30	30.80	29.80	25.60	23.30	38.80	1.10	0.00	0.00
85.40	30.90	29.80	25.70	23.30	39.00	1.30	0.00	0.00
85.50	30.80	29.60	25.50	23.20	39.20	1.10	0.00	0.00
85.60	30.80	29.60	25.50	23.20	39.20	1.10	0.00	0.00
85.70	30.70	29.70	25.50	23.20	39.00	1.10	0.00	0.00
85.80	30.90	29.60	25.60	23.30	39.20	1.60	0.00	0.00
85.90	30.90	29.60	25.60	23.30	39.00	1.10	0.00	0.00
86.00	30.90	29.80	25.70	23.30	39.00	1.60	0.00	0.00
86.10	30.80	29.70	25.50	23.20	39.00	1.60	0.00	0.00
86.20	30.80	29.70	25.50	23.20	39.00	1.30	0.00	0.00
86.30	30.80	29.90	25.60	23.40	38.80	1.60	0.00	0.00
86.40	30.90	29.70	25.60	23.30	39.00	1.40	0.00	0.00
86.50	30.90	29.70	25.60	23.30	39.00	1.40	0.00	0.00
86.60	30.80	29.70	25.60	23.30	39.20	1.70	0.00	0.00
86.70	30.80	29.70	25.60	23.30	38.70	1.00	0.00	0.00
86.80	30.70	29.60	25.50	23.20	38.80	0.80	0.00	0.00
86.90	30.70	29.60	25.50	23.20	38.70	1.30	0.00	0.00
87.00	30.80	29.70	25.60	23.20	38.80	1.40	0.00	0.00
87.10	30.80	29.70	25.60	23.20	38.80	1.10	0.00	0.00
87.20	30.80	29.70	25.60	23.20	39.20	1.00	0.00	0.00
87.30	30.80	29.60	25.50	23.20	38.80	1.10	0.00	0.00
87.40	30.70	29.70	25.60	23.30	38.80	1.30	0.00	0.00
87.50	30.70	29.70	25.60	23.30	39.00	-0.10	0.00	0.00
87.60	30.70	29.60	25.60	23.20	38.70	1.30	0.00	0.00
87.70	30.60	29.70	25.60	23.30	39.00	1.40	0.00	0.00
87.80	30.60	29.70	25.60	23.30	38.80	1.40	0.00	0.00
87.90	30.80	29.70	25.70	23.30	38.80	1.30	0.00	0.00
88.00	30.70	29.70	25.60	23.30	38.80	1.10	0.00	0.00
88.10	30.70	29.70	25.60	23.30	39.20	1.70	0.00	0.00
88.20	30.70	29.70	25.60	23.20	39.30	1.90	0.00	0.00
88.30	30.70	29.70	25.70	23.30	39.30	1.90	0.00	0.00
88.40	30.70	29.70	25.70	23.30	39.30	1.90	0.00	0.00
88.50	30.70	29.70	25.60	23.40	38.70	1.40	0.00	0.00
88.60	30.70	29.70	25.60	23.30	39.00	1.40	0.00	0.00
88.70	30.70	29.70	25.60	23.30	39.00	1.90	0.00	0.00
88.80	30.60	29.60	25.50	23.30	39.00	1.40	0.00	0.00
88.90	30.80	29.80	25.60	23.30	38.70	1.60	0.00	0.00
89.00	30.80	29.80	25.60	23.30	38.80	1.60	0.00	0.00
89.10	30.70	29.70	25.70	23.30	39.30	1.60	0.00	0.00
89.20	30.70	29.70	25.70	23.30	39.00	1.90	0.00	0.00
89.30	30.70	29.80	25.60	23.30	39.00	1.10	0.00	0.00
89.40	30.70	29.70	25.60	23.40	38.80	1.10	0.00	0.00
89.50	30.70	29.70	25.60	23.40	38.50	1.00	0.00	0.00
89.60	30.80	29.70	25.70	23.30	38.50	1.30	0.00	0.00
89.70	30.70	29.80	25.60	23.20	39.20	1.60	0.00	0.00
89.80	30.70	29.80	25.60	23.20	39.20	1.30	0.00	0.00
89.90	30.70	29.70	25.60	23.30	39.30	1.10	0.00	0.00
90.00	30.60	29.70	25.60	23.20	38.80	1.10	0.00	0.00
90.10	30.60	29.70	25.60	23.20	38.80	1.60	0.00	0.00
90.20	30.80	29.70	25.70	23.30	38.80	1.60	0.00	0.00
90.30	30.80	29.70	25.70	23.30	38.50	1.00	0.00	0.00
90.40	30.70	29.80	25.50	23.30	38.80	1.40	0.00	0.00
90.50	30.70	29.70	25.70	23.30	39.00	1.30	0.00	0.00
90.60	30.70	29.70	25.70	23.30	39.30	1.40	0.00	0.00
90.70	30.70	29.50	25.50	23.20	39.00	1.60	0.00	0.00
90.80	30.80	29.80	25.70	23.30	37.90	1.30	0.00	0.00
90.90	30.80	29.80	25.70	23.30	38.80	1.10	0.00	0.00
91.00	30.60	29.80	25.60	23.20	39.20	1.00	0.00	0.00
91.10	30.70	29.70	25.60	23.30	39.00	1.60	0.00	0.00
91.20	30.70	29.70	25.60	23.30	39.00	1.60	0.00	0.00
91.30	30.70	29.70	25.60	23.20	39.00	0.70	0.00	0.00
91.40	30.60	29.70	25.60	23.30	39.90	1.00	0.00	0.00
91.50	30.60	29.70	25.60	23.30	39.00	1.30	0.00	0.00
91.60	30.60	29.60	25.60	23.30	39.20	1.40	0.00	0.00
91.70	30.60	29.70	25.50	23.30	39.00	1.70	0.00	0.00
91.80	30.60	29.70	25.50	23.30	39.00	1.30	0.00	0.00
91.90	30.50	29.50	25.60	23.20	38.50	1.30	0.00	0.00
92.00	30.70	29.90	25.70	23.30	38.50	1.10	0.00	0.00
92.10	30.70	29.90	25.70	23.30	38.50	1.10	0.00	0.00
92.20	30.50	29.60	25.50	23.40	38.70	1.00	0.00	0.00
92.30	30.60	29.70	25.60	23.30	38.70	1.10	0.00	0.00
92.40	30.60	29.70	25.60	23.30	38.80	1.60	0.00	0.00
92.50	30.50	29.80	25.60	23.30	39.00	1.30	0.00	0.00
92.60	30.60	29.60	25.60	23.30	38.80	1.40	0.00	0.00
92.70	30.60	29.60	25.60	23.30	39.00	1.60	0.00	0.00
92.80	30.50	29.70	25.70	23.20	39.20	1.40	0.00	0.00
92.90	30.50	29.70	25.70	23.20	39.20	1.40	0.00	0.00
93.00	30.70	29.70	25.60	23.30	39.20	1.40	0.00	0.00
93.10	30.70	29.70	25.60	23.40	39.20	1.30	0.00	0.00
93.20	30.70	29.70	25.60	23.40	39.00	1.40	0.00	0.00
93.30	30.60	29.70	25.60	23.40	38.80	1.30	0.00	0.00
93.40	30.60	29.70	25.50	23.30	38.70	1.10	0.00	0.00
93.50	30.60	29.70	25.50	23.30	38.50	1.10	0.00	0.00
93.60	30.60	29.60	25.60	23.30	38.70	1.10	0.00	0.00
93.70	30.50	29.70	25.60	23.30	39.00	1.70	0.00	0.00
93.80	30.50	29.70	25.60	23.30	39.00	1.40	0.00	0.00
93.90	30.60	29.80	25.50	23.20	39.00	1.40	0.00	0.00
94.00	30.50	29.60	25.50	23.20	38.80	1.10	0.00	0.00
94.10	30.50	29.60	25.50	23.20	38.80	1.40	0.00	0.00
94.20	30.60	29.70	25.60	23.30	39.30	1.40	0.00	0.00
94.30	30.60	29.70	25.60	23.30	38.80	1.40	0.00	0.00
94.40	30.50	29.70	25.70	23.30	39.00	1.30	0.00	0.00
94.50	30.60	29.60	25.50	23.30	39.00	1.30	0.00	0.00
94.60	30.60	29.60	25.50	23.30	39.00	1.40	0.00	0.00
94.70	30.60	29.60	25.60	23.30	39.00	1.30	0.00	0.00
94.80	30.60	30.00	25.70	23.40	39.00	1.30	0.00	0.00
94.90	30.60	30.00	25.70	23.40	39.00	1.30	0.00	0.00
95.00	30.50	29.70	25.60	23.30	39.20	0.80	0.00	0.00
95.10	30.60	29.70	25.70	23.40	38.80	1.10	0.00	0.00
95.20	30.60	29.70	25.70	23.40	38.80	1.00	0.00	0.00
95.30	30.60	29.70	25.60	23.30	39.00	1.10	0.00	0.00
95.40	30.60	29.70	25.60	23.30	39.00	1.00	0.00	0.00
95.50	30.50	29.70	25.60	23.30	38.40	1.30	0.00	0.00
95.60	30.50	29.70	25.60	23.30	39.00	1.40	0.00	0.00
95.70	30.50	29.70	25.60	23.30	39.00	0.50	0.00	0.00
95.80	30.40	29.60	25.60	23.30	39.00	0.50	0.00	0.00
95.90	30.50	29.70	25.60	23.20	39.00	1.10	0.00	0.00
96.00	30.50	29.70	25.60	23.20	38.80	1.30	0.00	0.00
96.10	30.60	29.80	25.70	23.40	39.20	1.30	0.00	0.00
96.20	30.60	29.60	25.70	23.40	38.80	1.40	0.00	0.00
96.30	30.60	29.60	25.70	23.40	39.00	1.10	0.00	0.00
96.40	30.60	29.80	25.70	23.30	39.00	1.60	0.00	0.00
96.50	30.50	29.70	25.60	23.30	38.70	1.10	0.00	0.00
96.60	30.50	29.70	25.60	23.30	39.00	1.00	0.00	0.00
96.70	30.40	29.70	25.60	23.30	39.20	1.40	0.00	0.00
96.80	30.60	29.80	25.70	23.40	38.80	1.30	0.00	0.00
96.90	30.60	29.80	25.70	23.40	39.00	1.30	0.00	0.00
97.00	30.60	29.80	25.60	23.30	38.70	1.40	0.00	0.00
97.10	30.50	29.70	25.60	23.20	38.70	1.70	0.00	0.00
97.20	30.50	29.70	25.60	23.20	38.70	1.40	0.00	0.00
97.30	30.60	29.70	25.60	23.40	39.20	1.60	0.00	0.00
97.40	30.60	29.70	25.60	23.30	38.40	1.70	0.00	0.00
97.50	30.60	29.70	25.60	23.30	38.50	1.30	0.00	0.00
97.60	30.50	29.60	25.60	23.20	39.30	1.60	0.00	0.00
97.70	30.50	29.60	25.50	23.20	39.30	1.60	0.00	0.00
97.80	30.50	29.60	25.50	23.20	39.00	1.40	0.00	0.00
97.90	30.50	29.60	25.60	23.30	38.80	0.80	0.00	0.00
98.00	30.50	29.70	25.70	23.30	38.80	-0.60	0.00	0.00
98.10	30.50	29.70	25.70	23.30	39.00	1.10	0.00	0.00
98.20	30.60	29.80	25.60	23.40	39.00	1.40	0.00	0.00
98.30	30.40	29.60	25.60	23.20	38.80	1.60	0.00	0.00
98.40	30.40	29.60	25.60	23.20	39.00	1.30	0.00	0.00
98.50	30.40	29.60	25.60	23.30	38.80	1.30	0.00	0.00
98.60	30.50	29.80	25.60	23.40	38.80	1.30	0.00	0.00
98.70	30.50	29.80	25.60	23.40	39.00	1.30	0.00	0.00
98.80	30.50	29.80	25.70	23.30	38.80	1.10	0.00	0.00
98.90	30.50	29.80	25.60	23.30	39.00	1.10	0.00	0.00
99.00	30.50	29.80	25.60	23.30	39.00	1.40	0.00	0.00
99.10	30.50	29.80	25.60	23.30	38.80	1.40	0.00	0.00
99.20	30.40	29.60	25.60	23.30	38.80	1.70	0.00	0.00
99.30	30.40	29.60	25.60	23.30	38.80	1.30	0.00	0.00
99.40	30.50	29.70	25.50	23.20	38.80	1.30	0.00	0.00
99.50	30.50	29.70	25.60	23.30	38.80	1.30	0.00	0.00
99.60	30.50	29.70	25.60	23.30	39.30	1.30	0.00	0.00
99.70	30.40	29.70	25.60	23.20	38.80	1.30	0.00	0.00
99.80	30.40	29.60	25.60	23.30	37.00	1.30	0.00	0.00
99.90	30.40	29.60	25.60	23.30	39.60	1.00	0.00	0.00
100.00	30.40	29.60	25.60	23.20	39.20	0.80	0.00	0.00
100.10	30.40	29.60	25.60	23.20	39.20	1.10	0.00	0.00
100.20	30.40	29.60	25.50	23.20	39.20	1.30	0.00	0.00
100.30	30.40	29.50	25.60	23.30	38.80	1.40	0.00	0.00
100.40	30.40	29.60	25.60	23.20	38.80	1.40	0.00	0.00
100.50	30.40	29.60	25.60	23.20	38.80	1.40	0.00	0.00
100.60	30.40	29.70	25.60	23.30	38.80	1.60	0.00	0.00
100.70	30.40	29.70	25.60	23.30	39.00	2.00	0.00	0.00
100.80	30.40	29.60	25.60	23.40	38.50	1.40	0.00	0.00
100.90	30.30	29.70	25.70	23.20	39.20	1.40	0.00	0.00
101.00	30.30	29.70	25.70	23.20	37.60	1.10	0.00	0.00
101.10	30.50	29.80	25.70	23.40	39.20	1.10	0.00	0.00
101.20	30.30	29.70	25.70	23.30	39.00	1.30	0.00	0.00
101.30	30.30	29.70	25.70	23.30	38.80	1.40	0.00	0.00
101.40	30.50	29.70	25.60	23.30	39.20	1.10	0.00	0.00
101.50	30.40	29.60	25.60	23.30	39.30	1.30	0.00	0.00
101.60	30.40	29.60	25.60	23.30	39.00	1.60	0.00	0.00
101.70	30.50	29.80	25.70	23.40	39.30	1.10	0.00	0.00
101.80	30.50	29.80	25.70	23.30	38.80	1.10	0.00	0.00
101.90	30.50	29.80	25.70	23.30	39.00	1.40	0.00	0.00
102.00	30.50	29.80	25.60	23.30	39.20	1.40	0.00	0.00
102.10	30.50	29.80	25.60	23.30	39.00	1.10	0.00	0.00
102.20	30.40	29.60	25.60	23.20	39.20	0.80	0.00	0.00
102.30	30.30	29.60	25.50	23.20	39.20	0.80	0.00	0.00
102.40	30.30	29.60	25.50	23.20	39.00	0.80	0.00	0.00
102.50	30.40	29.60	25.50	23.30	39.00	1.30	0.00	0.00
102.60	30.40	29.70	25.60	23.30	38.70	1.40	0.00	0.00
102.70	30.40	29.70	25.60	23.30	38.70	1.00	0.00	0.00
102.80	30.30	29.60	25.70	23.30	38.70	1.00	0.00	0.00
102.90	30.30	29.60	25.70	23.30	39.30	1.70	0.00	0.00
103.00	30.40	29.60	25.60	23.30	39.00	1.40	0.00	0.00
103.10	30.20	29.60	25.50	23.30	39.20	1.60	0.00	0.00
103.20	30.20	29.60	25.50	23.30	39.00	1.40	0.00	0.00
103.30	30.40	29.60	25.80	23.30	38.50	1.70	0.00	0.00
103.40	30.20	29.50	25.50	23.30	39.00	1.40	0.00	0.00
103.50	30.20	29.50	25.50	23.30	39.00	1.60	0.00	0.00
103.60	30.40	29.70	25.70	23.30	38.50	1.10	0.00	0.00
103.70	30.40	29.70	25.70	23.30	38.70	1.30	0.00	0.00
103.80	30.40	29.80	25.60	23.30	38.70	1.00	0.00	0.00
103.90	30.40	29.60	25.60	23.30	39.00	1.00	0.00	0.00
104.00	30.40	29.60	25.60	23.30	38.50	1.30	0.00	0.00
104.10	30.40	29.70	25.50	23.30	38.50	1.30	0.00	0.00
104.20	30.30	29.70	25.60	23.30	38.80	1.40	0.00	0.00
104.30	30.30	29.70	25.60	23.30	38.70	1.60	0.00	0.00
104.40	30.30	29.70	25.60	23.20	39.00	1.30	0.00	0.00
104.50	30.40	29.70	25.70	23.30	39.00	1.30	0.00	0.00
104.60	30.40	29.70	25.70	23.30	38.70	1.40	0.00	0.00
104.70	30.40	29.70	25.60	23.30	38.80	1.00	0.00	0.00
104.80	30.30	29.60	25.50	23.10	38.80	1.40	0.00	0.00
104.90	30.30	29.60	25.50	23.10	38.50	1.40	0.00	0.00
105.00	30.30	29.70	25.60	23.20	39.20	0.80	0.00	0.00
105.10	30.20	29.60	25.60	23.40	39.20	0.80	0.00	0.00
105.20	30.20	29.60	25.60	23.40	39.20	1.40	0.00	0.00
105.30	30.40	29.70	25.60	23.30	39.00	1.10	0.00	0.00
105.40	30.40	29.80	25.70	23.20	39.00	1.40	0.00	0.00
105.50	30.40	29.80	25.70	23.20	38.80	1.30	0.00	0.00
105.60	30.30	29.80	25.70	23.30	38.70	1.10	0.00	0.00
105.70	30.30	29.80	25.70	23.30	39.00	1.10	0.00	0.00
105.80	30.30	29.60	25.60	23.20	38.70	1.10	0.00	0.00
105.90	30.30	29.60	25.60	23.20	39.00	0.70	0.00	0.00
106.00	30.30	29.60	25.60	23.30	39.00	0.70	0.00	0.00
106.10	30.40	29.70	25.70	23.40	39.20	1.10	0.00	0.00
106.20	30.40	29.70	25.70	23.40	39.30	1.60	0.00	0.00
106.30	30.30	29.60	25.70	23.40	39.00	1.00	0.00	0.00
106.40	30.30	29.70	25.70	23.30	39.20	1.30	0.00	0.00
106.50	30.30	29.70	25.70	23.30	38.80	0.70	0.00	0.00
106.60	30.40	29.70	25.60	23.40	39.00	1.30	0.00	0.00
106.70	30.40	29.70	25.60	23.30	38.80	1.10	0.00	0.00
106.80	30.40	29.70	25.60	23.30	38.70	1.00	0.00	0.00
106.90	30.20	29.70	25.60	23.30	38.70	1.30	0.00	0.00
107.00	30.20	29.70	25.70	23.30	38.70	1.30	0.00	0.00
107.10	30.20	29.70	25.70	23.30	39.20	0.50	0.00	0.00
107.20	30.30	29.80	25.70	23.40	39.20	1.10	0.00	0.00
107.30	30.30	29.60	25.60	23.30	39.20	1.30	0.00	0.00
107.40	30.30	29.60	25.60	23.30	39.00	1.10	0.00	0.00
107.50	30.30	29.70	25.60	23.30	38.70	1.30	0.00	0.00
107.60	30.30	29.60	25.60	23.30	39.00	1.00	0.00	0.00
107.70	30.30	29.60	25.60	23.30	38.80	1.30	0.00	0.00
107.80	30.20	29.60	25.60	23.30	38.80	1.40	0.00	0.00
107.90	30.30	29.70	25.60	23.30	38.80	1.40	0.00	0.00
108.00	30.30	29.70	25.60	23.30	38.80	1.60	0.00	0.00
108.10	30.20	29.60	25.60	23.30	38.80	1.00	0.00	0.00
108.20	30.20	29.60	25.60	23.30	39.20	1.30	0.00	0.00
108.30	30.30	29.70	25.70	23.40	38.70	1.10	0.00	0.00
108.40	30.30	29.80	25.70	23.40	39.00	0.80	0.00	0.00
108.50	30.30	29.80	25.70	23.40	39.00	1.40	0.00	0.00
108.60	30.30	29.80	25.70	23.30	38.80	1.30	0.00	0.00
108.70	30.40	29.70	25.70	23.20	38.80	1.10	0.00	0.00
108.80	30.30	29.70	25.70	23.30	39.20	1.00	0.00	0.00
108.90	30.30	29.70	25.70	23.30	39.20	1.10	0.00	0.00
109.00	30.30	29.80	25.70	23.40	39.20	1.00	0.00	0.00
109.10	30.20	29.60	25.60	23.30	38.70	1.40	0.00	0.00
109.20	30.20	29.60	25.60	23.30	38.80	1.10	0.00	0.00
109.30	30.40	29.70	25.70	23.40	39.20	2.40	0.00	0.00
109.40	30.40	29.70	25.70	23.40	39.20	1.40	0.00	0.00
109.50	30.30	29.80	25.70	23.40	39.00	1.00	0.00	0.00
109.60	30.30	29.70	25.60	23.20	38.80	1.10	0.00	0.00
109.70	30.30	29.70	25.60	23.20	38.40	1.10	0.00	0.00
109.80	30.20	29.70	25.60	23.30	38.40	1.10	0.00	0.00
109.90	30.30	29.70	25.70	23.40	38.70	1.10	0.00	0.00
110.00	30.20	29.70	25.60	23.30	39.20	1.60	0.00	0.00
110.10	30.20	29.70	25.60	23.30	38.80	1.00	0.00	0.00
110.20	30.30	29.70	25.60	23.30	39.00	1.10	0.00	0.00
110.30	30.30	29.70	25.60	23.30	38.70	1.90	0.00	0.00
110.40	30.40	29.80	25.60	23.40	39.00	1.10	0.00	0.00
110.50	30.10	29.70	25.50	23.30	38.50	1.40	0.00	0.00
110.60	30.10	29.70	25.50	23.30	37.80	1.60	0.00	0.00
110.70	30.30	29.70	25.60	23.40	37.80	1.60	0.00	0.00
110.80	30.30	29.80	25.60	23.30	39.30	1.10	0.00	0.00
110.90	30.30	29.80	25.60	23.30	38.80	1.30	0.00	0.00
111.00	30.30	29.60	25.50	23.30	39.00	1.90	0.00	0.00
111.10	30.30	29.70	25.70	23.30	39.00	1.00	0.00	0.00
111.20	30.30	29.70	25.70	23.30	38.70	1.40	0.00	0.00
111.30	30.30	29.60	25.50	23.30	38.50	1.40	0.00	0.00
111.40	30.20	29.70	25.70	23.30	39.20	-0.30	0.00	0.00
111.50	30.20	29.70	25.70	23.30	38.80	1.00	0.00	0.00
111.60	30.20	29.70	25.60	23.20	38.80	1.00	0.00	0.00
111.70	30.20	29.70	25.60	23.40	38.70	1.30	0.00	0.00
111.80	30.20	29.70	25.60	23.40	39.00	1.60	0.00	0.00
111.90	30.20	29.80	25.60	23.30	39.00	1.30	0.00	0.00
112.00	30.20	29.80	25.70	23.40	39.20	1.10	0.00	0.00
112.10	30.20	29.80	25.70	23.40	39.00	1.30	0.00	0.00
112.20	30.20	29.60	25.60	23.30	38.70	1.30	0.00	0.00
112.30	30.20	29.60	25.50	23.20	38.70	1.30	0.00	0.00
112.40	30.20	29.60	25.50	23.20	38.80	1.70	0.00	0.00
112.50	30.30	29.70	25.70	23.40	38.80	1.70	0.00	0.00
112.60	30.30	29.70	25.70	23.40	37.30	1.10	0.00	0.00
112.70	30.20	29.70	25.60	23.30	38.70	1.30	0.00	0.00
112.80	30.10	29.70	25.70	23.30	39.20	1.60	0.00	0.00
112.90	30.10	29.70	25.70	23.30	39.00	1.10	0.00	0.00
113.00	30.30	29.80	25.70	23.40	38.70	1.00	0.00	0.00
113.10	30.20	29.70	25.70	23.40	38.50	1.40	0.00	0.00
113.20	30.20	29.70	25.70	23.40	38.80	-0.30	0.00	0.00
113.30	30.20	29.70	25.70	23.20	38.50	1.10	0.00	0.00
113.40	30.30	29.70	25.70	23.50	38.50	1.10	0.00	0.00
113.50	30.30	29.70	25.70	23.50	39.00	1.60	0.00	0.00
113.60	30.20	29.60	25.60	23.30	38.80	1.40	0.00	0.00
113.70	30.10	29.70	25.60	23.20	39.00	1.30	0.00	0.00
113.80	30.10	29.70	25.60	23.20	38.70	0.80	0.00	0.00
113.90	30.20	29.80	25.70	23.20	39.00	1.70	0.00	0.00
114.00	30.10	29.70	25.60	23.30	38.80	1.90	0.00	0.00
114.10	30.10	29.70	25.60	23.30	39.00	1.30	0.00	0.00
114.20	30.20	29.90	25.60	23.40	38.80	1.10	0.00	0.00
114.30	30.20	29.60	25.60	23.30	38.80	1.10	0.00	0.00
114.40	30.20	29.60	25.60	23.30	38.80	1.00	0.00	0.00
114.50	30.20	29.80	25.70	23.40	39.00	1.10	0.00	0.00
114.60	30.20	29.80	25.70	23.40	38.80	1.00	0.00	0.00
114.70	30.10	29.80	25.70	23.30	38.50	1.10	0.00	0.00
114.80	30.20	29.60	25.60	23.30	39.00	1.10	0.00	0.00
114.90	30.20	29.60	25.60	23.30	38.80	1.10	0.00	0.00
115.00	30.30	29.70	25.80	23.40	38.80	1.30	0.00	0.00
115.10	30.10	29.60	25.60	23.30	38.70	1.40	0.00	0.00
115.20	30.10	29.60	25.60	23.30	38.80	1.30	0.00	0.00
115.30	30.10	29.60	25.50	23.30	38.80	1.30	0.00	0.00
115.40	30.10	29.70	25.60	23.40	38.70	1.30	0.00	0.00
115.50	30.10	29.70	25.60	23.40	38.80	1.70	0.00	0.00
115.60	30.10	29.70	25.60	23.30	38.50	1.40	0.00	0.00
115.70	30.20	29.70	25.60	23.20	38.80	1.30	0.00	0.00
115.80	30.20	29.70	25.60	23.20	38.80	1.10	0.00	0.00
115.90	30.20	29.80	25.70	23.40	39.00	1.40	0.00	0.00
116.00	30.20	29.80	25.70	23.40	38.70	1.10	0.00	0.00
116.10	30.20	29.80	25.70	23.40	38.80	1.40	0.00	0.00
116.20	30.10	29.70	25.60	23.40	38.80	1.30	0.00	0.00
116.30	30.10	29.70	25.60	23.40	39.00	1.30	0.00	0.00
116.40	30.10	29.70	25.70	23.30	38.80	1.40	0.00	0.00
116.50	30.00	29.60	25.50	23.20	39.20	1.00	0.00	0.00
116.60	30.00	29.60	25.50	23.20	39.00	1.30	0.00	0.00
116.70	30.10	29.70	25.60	23.30	39.00	1.40	0.00	0.00
116.80	30.20	29.70	25.50	23.30	39.00	1.60	0.00	0.00
116.90	30.20	29.70	25.50	23.30	39.00	1.30	0.00	0.00
117.00	30.20	29.70	25.70	23.40	38.80	1.10	0.00	0.00
117.10	30.20	29.70	25.60	23.30	39.30	0.70	0.00	0.00
117.20	30.20	29.70	25.60	23.30	39.30	0.70	0.00	0.00
117.30	30.10	29.70	25.60	23.30	38.70	1.30	0.00	0.00
117.40	30.10	29.70	25.60	23.30	38.70	1.10	0.00	0.00
117.50	30.10	29.70	25.60	23.30	38.70	1.30	0.00	0.00
117.60	30.00	29.70	25.60	23.30	39.00	1.40	0.00	0.00
117.70	30.10	29.70	25.60	23.30	39.00	1.00	0.00	0.00
117.80	30.10	29.70	25.60	23.30	38.80	1.30	0.00	0.00
117.90	30.10	29.60	25.60	23.30	38.80	1.30	0.00	0.00
118.00	30.10	29.60	25.60	23.30	38.80	1.30	0.00	0.00
118.10	30.20	29.70	25.70	23.30	38.70	1.40	0.00	0.00
118.20	30.00	29.50	25.60	23.20	38.70	1.40	0.00	0.00
118.30	30.00	29.50	25.60	23.20	39.00	1.00	0.00	0.00
118.40	30.20	29.60	25.70	23.20	38.80	1.10	0.00	0.00
118.50	30.10	29.70	25.70	23.40	39.00	0.80	0.00	0.00
118.60	30.10	29.70	25.70	23.40	39.00	1.40	0.00	0.00
118.70	30.20	29.80	25.70	23.30	39.00	1.70	0.00	0.00
118.80	30.20	29.80	25.70	23.40	39.00	1.30	0.00	0.00
118.90	30.20	29.80	25.70	23.40	39.30	1.30	0.00	0.00
119.00	30.10	29.80	25.60	23.40	39.00	1.60	0.00	0.00
119.10	30.10	29.80	25.60	23.40	39.00	1.60	0.00	0.00
119.20	30.20	29.70	25.60	23.30	39.00	1.30	0.00	0.00
119.30	30.20	29.70	25.60	23.30	39.30	1.40	0.00	0.00
119.40	30.20	29.70	25.60	23.30	39.00	1.60	0.00	0.00
119.50	30.20	29.70	25.80	23.40	39.00	1.40	0.00	0.00
119.60	30.20	29.70	25.70	23.40	39.00	1.00	0.00	0.00
119.70	30.20	29.70	25.70	23.40	38.50	1.10	0.00	0.00
119.80	30.10	29.60	25.60	23.30	39.00	1.60	0.00	0.00
119.90	30.00	29.60	25.60	23.30	38.80	1.60	0.00	0.00
120.00	30.00	29.60	25.60	23.30	39.00	1.10	0.00	0.00
120.10	30.20	29.80	25.80	23.40	39.00	1.10	0.00	0.00
120.20	30.10	29.70	25.70	23.30	39.00	1.30	0.00	0.00
120.30	30.10	29.70	25.70	23.30	38.80	1.10	0.00	0.00
120.40	30.10	29.70	25.60	23.40	38.70	1.70	0.00	0.00
120.50	30.10	29.70	25.60	23.40	38.80	1.30	0.00	0.00
120.60	30.20	29.70	25.70	23.40	38.80	1.30	0.00	0.00
120.70	30.10	29.60	25.60	23.40	39.00	1.00	0.00	0.00
120.80	30.10	29.60	25.60	23.40	38.80	1.70	0.00	0.00
120.90	30.20	29.70	25.80	23.40	38.80	1.70	0.00	0.00
121.00	30.10	29.70	25.70	23.40	38.80	1.70	0.00	0.00
121.10	30.10	29.70	25.70	23.40	39.20	1.30	0.00	0.00
121.20	30.10	29.80	25.70	23.30	38.70	1.70	0.00	0.00
121.30	30.10	29.80	25.70	23.30	38.70	1.10	0.00	0.00
121.40	30.10	29.60	25.60	23.20	39.00	1.30	0.00	0.00
121.50	30.00	29.70	25.60	23.30	39.00	1.10	0.00	0.00
121.60	30.00	29.70	25.60	23.30	38.80	1.40	0.00	0.00
121.70	30.10	29.70	25.70	23.40	38.80	1.90	0.00	0.00
121.80	30.20	29.70	25.70	23.30	39.00	1.60	0.00	0.00
121.90	30.20	29.70	25.70	23.30	39.00	1.60	0.00	0.00
122.00	30.10	29.70	25.70	23.40	39.00	1.60	0.00	0.00
122.10	30.10	29.70	25.70	23.40	38.70	1.10	0.00	0.00
122.20	30.10	29.70	25.70	23.40	39.00	2.00	0.00	0.00
122.30	30.10	29.60	25.60	23.30	39.20	0.80	0.00	0.00
122.40	30.10	29.80	25.80	23.50	39.20	1.40	0.00	0.00
122.50	30.10	29.80	25.80	23.50	39.00	1.00	0.00	0.00
122.60	30.10	29.80	25.60	23.20	39.00	1.30	0.00	0.00
122.70	30.10	29.80	25.60	23.20	39.30	1.30	0.00	0.00
122.80	30.00	29.60	25.60	23.30	38.70	1.30	0.00	0.00
122.90	30.20	29.60	25.60	23.30	38.80	1.30	0.00	0.00
123.00	30.20	29.60	25.60	23.30	38.80	1.30	0.00	0.00
123.10	30.10	29.70	25.70	23.40	39.20	1.10	0.00	0.00
123.20	30.20	29.70	25.70	23.40	38.80	1.30	0.00	0.00
123.30	30.20	29.70	25.70	23.40	38.70	1.30	0.00	0.00
123.40	30.10	29.60	25.60	23.40	39.00	1.30	0.00	0.00
123.50	30.10	29.60	25.60	23.40	38.80	1.10	0.00	0.00
123.60	30.10	29.80	25.80	23.30	38.10	1.30	0.00	0.00
123.70	30.10	29.60	25.70	23.30	39.30	1.70	0.00	0.00
123.80	30.10	29.60	25.70	23.30	38.70	1.30	0.00	0.00
123.90	30.10	29.80	25.70	23.30	38.70	1.30	0.00	0.00
124.00	30.10	29.60	25.70	23.30	38.80	1.40	0.00	0.00
124.10	30.10	29.60	25.70	23.30	38.70	1.30	0.00	0.00
124.20	30.00	29.70	25.70	23.20	38.70	1.00	0.00	0.00
124.30	30.00	29.60	25.60	23.30	39.00	1.10	0.00	0.00
124.40	30.00	29.60	25.60	23.30	39.00	1.30	0.00	0.00
124.50	30.00	29.70	25.60	23.30	38.70	1.10	0.00	0.00
124.60	30.00	29.70	25.60	23.30	39.00	1.40	0.00	0.00
124.70	30.00	29.70	25.60	23.40	38.70	1.40	0.00	0.00
124.80	30.20	29.70	25.70	23.40	39.20	1.30	0.00	0.00
124.90	30.20	29.70	25.70	23.40	39.20	1.30	0.00	0.00
125.00	30.10	29.60	25.60	23.40	39.00	1.30	0.00	0.00
125.10	29.90	29.60	25.70	23.30	38.70	1.10	0.00	0.00
125.20	29.90	29.60	25.70	23.30	39.00	1.30	0.00	0.00
125.30	30.10	29.80	25.50	23.40	39.00	1.10	0.00	0.00
125.40	30.10	29.70	25.70	23.40	39.00	1.70	0.00	0.00
125.50	30.10	29.70	25.70	23.40	38.80	1.70	0.00	0.00
125.60	30.00	29.70	25.70	23.40	38.70	1.90	0.00	0.00
125.70	30.00	29.60	25.60	23.30	38.70	1.40	0.00	0.00
125.80	30.00	29.60	25.60	23.30	38.70	1.40	0.00	0.00
125.90	30.10	29.60	25.70	23.40	38.70	1.10	0.00	0.00
126.00	30.10	29.60	25.70	23.40	39.20	2.20	0.00	0.00
126.10	29.90	29.60	25.70	23.40	39.20	2.20	0.00	0.00
126.20	29.80	29.60	25.70	23.20	39.30	1.30	0.00	0.00
126.30	29.80	29.60	25.70	23.20	39.20	1.30	0.00	0.00
126.40	30.00	29.70	25.60	23.30	38.70	1.30	0.00	0.00
126.50	30.00	29.60	25.60	23.40	38.80	1.40	0.00	0.00
126.60	30.00	29.60	25.60	23.40	38.70	1.10	0.00	0.00
126.70	30.00	29.60	25.60	23.30	38.70	1.10	0.00	0.00
126.80	30.00	29.70	25.60	23.30	38.20	1.10	0.00	0.00
126.90	30.00	29.70	25.60	23.30	39.00	1.40	0.00	0.00
127.00	30.10	29.60	25.70	23.30	38.50	1.10	0.00	0.00
127.10	30.10	29.70	25.70	23.30	38.50	0.80	0.00	0.00
127.20	30.10	29.70	25.70	23.30	39.00	1.00	0.00	0.00
127.30	30.00	29.60	25.80	23.40	38.80	1.30	0.00	0.00
127.40	30.10	29.60	25.60	23.20	39.00	1.30	0.00	0.00
127.50	30.10	29.60	25.60	23.20	38.70	1.40	0.00	0.00
127.60	30.10	29.70	25.70	23.20	38.80	1.30	0.00	0.00
127.70	30.10	29.70	25.70	23.20	39.20	1.40	0.00	0.00
127.80	30.10	29.60	25.50	23.30	39.20	1.30	0.00	0.00
127.90	30.10	29.70	25.70	23.40	38.70	1.30	0.00	0.00
128.00	30.10	29.70	25.70	23.40	39.00	1.10	0.00	0.00
128.10	30.00	29.80	25.80	23.30	38.80	1.40	0.00	0.00
128.20	30.00	29.70	25.70	23.50	38.70	1.30	0.00	0.00
128.30	30.00	29.70	25.70	23.50	39.00	1.10	0.00	0.00
128.40	29.90	29.70	25.70	23.30	39.00	1.10	0.00	0.00
128.50	30.00	29.60	25.70	23.40	39.00	1.10	0.00	0.00
128.60	30.00	29.60	25.70	23.40	39.50	1.40	0.00	0.00
128.70	30.10	29.70	25.90	23.40	38.50	0.70	0.00	0.00
128.80	29.90	29.70	25.70	23.30	38.80	1.60	0.00	0.00
128.90	29.90	29.70	25.70	23.30	38.50	1.30	0.00	0.00
129.00	30.10	29.60	25.70	23.10	38.80	1.40	0.00	0.00
129.10	30.00	29.60	25.70	23.30	39.00	1.70	0.00	0.00
129.20	30.00	29.60	25.70	23.30	38.80	1.10	0.00	0.00
