Ambient Temperature(C): 22.1
Ambient Pressure(in Hg): 
Time(s)	T1(Deg C)	T2(Deg C)	P1(PSI)	P2(PSI)	Mass Flowrate(g/min)

0.00	21.70	22.70	0.70	0.50	0.00
0.10	21.60	22.80	0.70	0.40	0.00
0.20	21.70	22.80	0.70	0.20	0.00
0.30	21.70	22.80	0.70	0.20	0.00
0.40	21.60	22.80	0.40	0.50	0.00
0.50	21.60	22.80	0.20	0.70	0.00
0.60	21.80	22.90	0.40	0.50	0.00
0.70	21.80	22.90	0.40	0.70	0.00
0.80	21.70	22.90	0.40	0.00	0.00
0.90	21.70	22.90	0.70	0.50	0.00
1.00	21.80	22.90	0.70	0.50	0.00
1.10	21.80	22.70	0.50	0.80	0.00
1.20	21.80	22.70	0.40	0.00	0.00
1.30	21.60	22.70	0.40	0.50	0.00
1.40	21.60	22.70	0.20	0.40	0.00
1.50	21.70	22.70	0.00	0.00	0.00
1.60	21.80	22.80	0.40	-0.10	0.00
1.70	21.80	22.80	0.40	0.40	0.00
1.80	21.60	22.80	0.50	0.50	0.00
1.90	21.80	22.80	0.50	0.50	0.00
2.00	21.80	22.80	0.70	0.50	0.00
2.10	21.80	22.80	0.20	0.40	0.00
2.20	21.80	22.80	0.50	0.50	0.00
2.30	21.80	22.70	0.50	1.40	0.00
2.40	21.80	22.80	0.00	0.20	0.00
2.50	21.80	22.80	0.50	0.50	0.00
2.60	21.70	22.60	0.20	0.40	0.00
2.70	21.80	22.80	-0.90	0.50	0.00
2.80	21.80	22.80	-0.90	0.50	0.00
2.90	21.80	22.80	0.20	0.20	0.00
3.00	21.80	22.80	0.00	0.40	0.00
3.10	21.80	22.80	0.50	0.40	0.00
3.20	21.80	22.90	0.70	0.40	0.00
3.30	21.70	22.70	0.40	0.70	0.00
3.40	21.70	22.70	0.40	0.50	0.00
3.50	21.90	22.70	0.00	0.40	0.00
3.60	21.70	22.80	0.00	0.20	0.00
3.70	21.70	22.80	0.00	0.20	0.00
3.80	21.70	22.80	-1.50	0.70	0.00
3.90	21.70	22.70	0.40	0.70	0.00
4.00	21.70	22.70	0.50	0.50	0.00
4.10	21.70	22.70	0.00	-0.10	0.00
4.20	21.80	22.70	0.20	0.50	0.00
4.30	21.80	22.70	0.00	0.20	0.00
4.40	21.80	22.70	0.50	0.20	0.00
4.50	21.80	22.80	0.20	0.50	0.00
4.60	21.80	22.80	0.20	0.50	0.00
4.70	21.80	22.80	0.50	1.00	0.00
4.80	21.80	22.70	0.20	0.20	0.00
4.90	21.80	22.70	0.70	0.00	0.00
5.00	21.90	22.80	0.40	0.40	0.00
5.10	21.80	22.80	0.20	0.40	0.00
5.20	21.80	22.80	0.20	0.40	0.00
5.30	21.60	22.70	-1.00	0.50	0.00
5.40	21.80	22.80	0.20	0.80	0.00
5.50	21.80	22.80	0.20	0.80	0.00
5.60	21.80	22.90	0.40	-0.10	0.00
5.70	21.80	22.90	0.70	0.20	0.00
5.80	21.80	22.90	0.20	0.40	0.00
5.90	21.90	22.80	0.40	0.40	0.00
6.00	21.90	22.80	0.20	0.20	0.00
6.10	21.70	22.70	0.20	0.20	0.00
6.20	21.80	22.80	0.50	0.40	0.00
6.30	21.80	22.80	0.20	0.00	0.00
6.40	21.70	22.80	0.20	0.00	0.00
6.50	21.70	22.70	0.00	0.50	0.00
6.60	21.80	22.60	0.20	0.70	0.00
6.70	21.80	22.60	0.20	0.70	0.00
6.80	21.80	22.80	0.40	0.70	0.00
6.90	21.60	22.70	0.20	0.40	0.00
7.00	21.60	22.70	0.20	0.40	0.00
7.10	21.90	22.70	0.40	0.20	0.00
7.20	21.70	22.70	0.40	0.20	0.00
7.30	21.70	22.70	0.40	0.50	0.00
7.40	21.70	22.80	0.50	0.40	0.00
7.50	21.70	22.80	0.20	0.50	0.00
7.60	21.80	22.80	0.20	0.40	0.00
7.70	21.90	22.80	0.70	0.50	0.00
7.80	21.90	22.80	0.40	0.50	0.00
7.90	21.90	22.90	0.70	0.40	0.00
8.00	21.90	22.90	0.20	0.20	0.00
8.10	21.90	22.80	0.20	0.20	0.00
8.20	21.90	22.80	0.40	0.20	0.00
8.30	21.90	22.80	0.20	0.00	0.00
8.40	21.70	22.80	0.40	0.40	0.00
8.50	21.80	22.80	0.20	0.20	0.00
8.60	21.80	22.80	0.00	0.40	0.00
8.70	21.80	22.80	0.40	0.20	0.00
8.80	21.80	22.70	0.20	0.50	0.00
8.90	21.70	22.70	0.40	0.40	0.00
9.00	21.70	22.70	0.40	0.40	0.00
9.10	21.60	22.70	0.40	1.30	0.00
9.20	21.90	22.80	0.50	0.40	0.00
9.30	21.90	22.80	0.00	0.40	0.00
9.40	21.80	22.80	0.20	0.40	0.00
9.50	21.80	22.80	0.40	0.50	0.00
9.60	21.80	22.80	0.40	0.70	0.00
9.70	21.70	22.70	0.70	-0.10	0.00
9.80	21.80	22.70	0.70	0.70	0.00
9.90	21.80	22.70	0.70	0.70	0.00
10.00	21.90	23.00	1.30	0.70	0.00
10.10	21.80	22.70	0.80	0.40	0.00
10.20	21.80	22.70	0.50	0.40	0.00
10.30	21.90	22.80	0.20	0.50	0.00
10.40	21.80	22.80	0.20	0.50	0.00
10.50	21.80	22.80	0.40	0.00	0.00
10.60	21.80	22.80	0.00	0.20	0.00
10.70	21.80	22.70	0.70	0.40	0.00
10.80	21.80	22.70	0.70	0.40	0.00
10.90	21.90	22.80	0.40	0.40	0.00
11.00	21.70	22.70	0.00	0.40	0.00
11.10	21.70	22.70	0.00	0.20	0.00
11.20	21.80	22.80	0.50	0.70	0.00
11.30	21.80	22.80	0.00	0.00	0.00
11.40	21.80	22.80	0.50	0.20	0.00
11.50	21.70	22.70	0.40	0.00	0.00
11.60	21.60	22.60	0.20	0.00	0.00
11.70	21.90	22.80	0.20	0.00	0.00
11.80	21.90	22.80	0.20	0.40	0.00
11.90	22.00	22.90	0.50	0.40	0.00
12.00	21.80	22.70	0.40	0.20	0.00
12.10	21.80	22.70	1.30	0.20	0.00
12.20	21.70	22.80	0.50	0.20	0.00
12.30	21.70	22.70	0.20	0.00	0.00
12.40	21.70	22.70	0.20	0.40	0.00
12.50	21.70	22.70	0.20	0.40	0.00
12.60	21.80	22.70	0.20	0.40	0.00
12.70	21.80	22.70	0.20	0.40	0.00
12.80	21.80	22.70	0.50	0.50	0.00
12.90	21.80	22.80	0.50	0.70	0.00
13.00	21.80	22.80	0.20	-0.10	0.00
13.10	21.70	22.70	0.50	0.40	0.00
13.20	21.70	22.70	0.40	0.50	0.00
13.30	21.70	22.70	0.20	0.20	0.00
13.40	21.80	22.80	0.20	0.20	0.00
13.50	21.90	22.90	0.40	0.70	0.00
13.60	21.90	22.90	0.20	0.00	0.00
13.70	21.90	22.80	0.50	0.50	0.00
13.80	21.90	22.80	0.40	0.40	0.00
13.90	21.90	22.70	0.50	0.40	0.00
14.00	21.90	22.90	0.00	0.00	0.00
14.10	21.90	22.90	0.40	0.70	0.00
14.20	21.80	22.70	0.80	0.00	0.00
14.30	21.80	22.80	0.80	0.00	0.00
14.40	21.80	22.80	0.70	0.40	0.00
14.50	21.80	22.60	0.00	0.20	0.00
14.60	21.80	22.80	0.50	0.70	0.00
14.70	21.80	22.70	0.40	0.40	0.00
14.80	21.80	22.70	0.50	0.70	0.00
14.90	22.00	22.80	0.70	0.70	0.00
15.00	22.00	22.80	0.80	1.30	0.00
15.10	21.90	22.90	0.40	0.50	0.00
15.20	21.70	22.70	0.40	0.50	0.00
15.30	21.70	22.70	0.40	0.50	0.00
15.40	21.90	22.70	0.50	0.40	0.00
15.50	21.90	22.70	0.40	0.50	0.00
15.60	21.90	22.70	0.40	0.20	0.00
15.70	21.80	22.80	0.50	0.40	0.00
15.80	21.80	22.80	0.40	0.20	0.00
15.90	21.80	22.80	0.20	0.40	0.00
16.00	21.80	22.70	0.20	0.50	0.00
16.10	21.80	22.80	0.20	0.50	0.00
16.20	21.80	22.80	0.00	0.20	0.00
16.30	21.80	22.70	0.20	0.20	0.00
16.40	21.80	22.70	0.80	-0.40	0.00
16.50	21.70	22.70	-0.10	0.20	0.00
16.60	21.90	22.70	0.40	0.40	0.00
16.70	21.90	22.70	0.40	1.00	0.00
16.80	21.90	22.70	0.50	0.50	0.00
16.90	21.90	22.80	0.40	0.80	0.00
17.00	21.90	22.80	0.40	0.80	0.00
17.10	21.80	22.60	0.20	0.50	0.00
17.20	21.80	22.80	0.40	0.50	0.00
17.30	21.80	22.80	0.40	0.50	0.00
17.40	21.70	22.70	0.50	0.20	0.00
17.50	21.80	22.60	0.50	0.00	0.00
17.60	21.80	22.60	0.40	0.40	0.00
17.70	21.90	22.70	0.00	0.50	0.00
17.80	21.90	22.80	0.40	0.70	0.00
17.90	21.90	22.80	0.40	0.70	0.00
18.00	21.90	22.80	0.00	0.40	0.00
18.10	21.90	22.80	0.20	0.50	0.00
18.20	21.90	22.70	0.80	0.70	0.00
18.30	21.90	22.70	0.50	0.70	0.00
18.40	21.80	22.70	0.20	0.20	0.00
18.50	21.80	22.70	0.40	0.70	0.00
18.60	21.90	22.60	0.50	0.20	0.00
18.70	21.90	22.70	-0.10	0.40	0.00
18.80	21.90	22.70	-0.10	0.40	0.00
18.90	21.80	22.80	0.80	0.40	0.00
19.00	22.00	22.90	0.70	0.00	0.01
19.10	22.00	22.90	0.40	0.50	0.00
19.20	21.80	22.70	0.50	0.50	0.01
19.30	21.90	22.70	0.70	-0.10	0.01
19.40	21.90	22.70	0.50	0.40	0.01
19.50	21.90	22.80	0.20	0.80	0.02
19.60	21.90	22.80	0.40	0.00	0.02
19.70	21.90	22.80	0.40	0.00	0.32
19.80	21.90	22.80	0.20	0.70	1.24
19.90	21.80	22.70	0.00	0.50	2.47
20.00	21.90	22.70	0.50	0.50	3.65
20.10	21.90	22.70	0.70	0.40	4.70
20.20	21.90	22.80	0.50	0.50	5.58
20.30	21.90	22.70	0.80	0.40	6.37
20.40	21.90	22.70	0.70	0.50	6.97
20.50	21.80	22.60	0.20	0.00	7.35
20.60	21.80	22.60	0.50	0.40	7.53
20.70	22.00	22.80	0.70	0.50	7.62
20.80	22.00	22.70	-0.10	0.70	7.60
20.90	22.00	22.70	0.20	0.40	7.53
21.00	22.00	22.60	0.70	0.00	7.46
21.10	22.00	22.70	0.20	0.50	7.74
21.20	22.00	22.70	0.80	0.50	8.07
21.30	22.20	22.90	0.50	0.50	8.42
21.40	22.10	22.80	0.50	0.50	8.68
21.50	22.10	22.80	0.80	0.70	8.95
21.60	22.10	22.70	0.50	0.50	9.22
21.70	22.10	22.70	0.20	0.50	9.54
21.80	22.30	22.80	0.70	0.70	9.83
21.90	22.10	22.60	0.80	0.00	10.19
22.00	22.10	22.60	1.00	0.70	10.66
22.10	22.20	22.70	0.50	0.70	11.22
22.20	22.20	22.60	1.10	0.40	11.71
22.30	22.20	22.60	1.30	0.40	12.06
22.40	22.20	22.70	1.10	0.00	12.36
22.50	22.30	22.70	0.80	0.50	12.67
22.60	22.30	22.70	1.30	0.50	12.95
22.70	22.40	22.60	1.10	0.00	13.17
22.80	22.40	22.60	0.80	0.20	13.36
22.90	22.40	22.70	0.70	0.50	13.68
23.00	22.30	22.70	1.40	0.40	13.92
23.10	22.30	22.70	1.10	0.50	14.11
23.20	22.40	22.80	1.10	0.50	14.37
23.30	22.50	22.80	0.80	0.00	14.72
23.40	22.50	22.70	1.00	0.00	15.06
23.50	22.50	22.70	1.30	0.00	15.46
23.60	22.50	22.70	1.60	0.50	15.84
23.70	22.60	22.90	1.30	0.20	16.04
23.80	22.60	22.90	1.10	0.40	16.28
23.90	22.60	22.60	1.40	-0.40	16.65
24.00	22.60	22.60	1.40	0.50	16.93
24.10	22.50	22.80	1.40	0.50	17.27
24.20	22.60	22.70	1.30	0.50	17.63
24.30	22.60	22.70	1.70	0.20	17.90
24.40	22.60	22.70	1.70	0.40	18.17
24.50	22.70	22.70	1.70	0.00	18.51
24.60	22.90	22.90	1.70	0.80	18.87
24.70	22.90	22.90	1.00	0.70	19.29
24.80	22.70	22.70	1.70	0.00	19.69
24.90	22.70	22.80	2.20	0.00	20.13
25.00	22.70	22.80	2.20	0.00	20.61
25.10	22.80	22.60	1.70	0.00	20.89
25.20	22.80	22.80	1.90	0.50	21.11
25.30	22.80	22.80	2.00	-0.40	21.19
25.40	22.80	22.80	1.90	0.50	21.47
25.50	22.80	22.70	2.00	0.70	21.75
25.60	22.80	22.70	1.70	0.40	22.06
25.70	22.80	22.60	2.00	0.20	22.35
25.80	22.80	22.60	2.20	0.40	22.74
25.90	22.90	22.70	2.20	0.40	23.03
26.00	23.00	22.70	2.70	-0.10	23.27
26.10	23.00	22.70	2.40	0.00	23.42
26.20	23.10	22.70	2.50	0.50	23.46
26.30	23.00	22.70	2.40	0.40	23.44
26.40	23.00	22.70	2.40	0.40	23.73
26.50	23.00	22.70	2.70	0.40	24.41
26.60	23.00	22.70	2.50	0.20	25.03
26.70	23.10	22.70	3.00	0.40	25.74
26.80	23.10	22.70	3.00	0.40	26.28
26.90	23.10	22.70	2.20	0.40	26.79
27.00	23.10	22.70	2.80	0.50	27.14
27.10	23.30	22.80	2.70	-0.10	27.47
27.20	23.30	22.70	3.40	0.40	28.20
27.30	23.30	22.70	3.40	0.40	28.93
27.40	23.20	22.80	3.00	0.50	29.42
27.50	23.20	22.60	3.10	0.50	29.46
27.60	23.20	22.60	3.00	0.50	29.42
27.70	23.20	22.60	3.00	0.50	29.39
27.80	23.20	22.70	3.60	0.50	29.41
27.90	23.20	22.70	3.30	-0.60	29.36
28.00	23.40	22.70	3.70	0.40	29.82
28.10	23.40	22.70	3.60	0.40	30.90
28.20	23.40	22.70	3.60	0.40	31.91
28.30	23.50	22.80	3.70	0.40	32.49
28.40	23.40	22.70	3.40	0.20	32.86
28.50	23.40	22.70	4.20	0.20	33.42
28.60	23.50	22.60	4.20	0.20	33.68
28.70	23.50	22.60	3.90	0.20	34.18
28.80	23.50	22.60	4.80	0.00	34.41
28.90	23.60	22.70	4.20	0.00	34.96
29.00	23.60	22.70	4.20	0.20	35.21
29.10	23.60	22.70	4.20	0.70	35.39
29.20	23.70	22.70	4.50	0.70	35.39
29.30	23.60	22.80	4.20	0.00	35.40
29.40	23.60	22.80	4.40	0.40	35.40
29.50	23.80	22.80	4.40	0.40	36.09
29.60	23.80	22.80	4.50	0.50	36.94
29.70	23.80	22.80	5.00	0.40	37.27
29.80	23.70	22.60	4.70	0.40	37.56
29.90	23.80	22.70	5.00	0.40	38.18
30.00	23.80	22.70	4.80	0.40	38.53
30.10	23.80	22.70	5.00	0.50	38.66
30.20	24.00	22.80	5.70	0.40	38.62
30.30	24.00	22.80	5.40	0.80	38.65
30.40	23.90	22.60	5.40	0.80	38.82
30.50	23.90	22.70	5.40	0.40	39.85
30.60	23.90	22.70	5.60	0.20	40.68
30.70	24.00	22.70	5.70	-0.10	41.36
30.80	24.10	22.70	5.60	0.50	41.35
30.90	24.10	22.70	5.60	0.40	42.17
31.00	24.10	22.80	5.70	0.40	42.40
31.10	24.30	22.60	6.00	-0.10	42.40
31.20	24.30	22.60	5.60	0.70	42.34
31.30	24.40	22.80	5.60	0.70	43.63
31.40	24.20	22.70	6.20	0.20	44.46
31.50	24.20	22.70	6.40	0.20	45.11
31.60	24.10	22.70	6.40	0.50	45.80
31.70	24.10	22.70	6.50	0.70	46.39
31.80	24.10	22.70	6.70	0.20	46.50
31.90	24.30	22.70	6.80	0.50	46.50
32.00	24.30	22.70	4.80	0.50	46.48
32.10	24.30	22.70	6.80	0.50	47.12
32.20	24.30	22.70	6.80	0.50	47.94
32.30	24.70	22.90	7.10	0.40	48.89
32.40	24.70	22.90	7.10	0.00	49.61
32.50	24.50	22.70	7.60	-0.10	50.14
32.60	24.60	22.60	7.40	0.20	50.39
32.70	24.60	22.60	7.70	0.80	50.37
32.80	24.50	22.70	8.00	0.50	50.32
32.90	24.70	22.70	7.60	0.20	50.26
33.00	24.70	22.70	7.70	0.40	50.24
33.10	24.70	22.60	7.70	0.40	50.20
33.20	24.60	22.70	8.20	0.50	50.15
33.30	24.60	22.70	8.70	-0.10	50.14
33.40	24.70	22.70	8.00	0.50	50.14
33.50	24.70	22.60	8.20	0.40	50.10
33.60	24.70	22.60	8.50	0.50	50.08
33.70	24.70	22.60	8.80	0.70	50.07
33.80	24.70	22.60	8.80	0.00	50.02
33.90	24.70	22.60	9.10	0.20	49.98
34.00	24.80	22.60	9.10	0.20	49.94
34.10	25.00	22.70	9.30	0.20	49.92
34.20	25.00	22.70	9.10	0.40	49.86
34.30	24.90	22.70	9.40	0.40	49.91
34.40	24.90	22.70	9.70	0.70	49.86
34.50	24.90	22.70	9.60	0.20	49.82
34.60	25.00	22.80	9.60	0.40	49.86
34.70	24.90	22.60	9.70	0.40	49.83
34.80	24.90	22.60	9.70	0.40	49.76
34.90	24.90	22.60	9.70	0.40	49.76
35.00	25.10	22.80	10.10	0.40	49.74
35.10	25.10	22.80	9.90	0.40	49.72
35.20	25.20	22.70	10.40	0.50	49.68
35.30	25.10	22.70	10.70	0.40	49.72
35.40	25.10	22.70	10.40	0.50	49.63
35.50	25.10	22.70	8.70	0.70	49.60
35.60	25.20	22.70	10.50	0.40	49.59
35.70	25.20	22.70	10.80	0.70	49.54
35.80	25.00	22.60	10.80	0.70	49.53
35.90	25.20	22.70	10.80	0.50	49.51
36.00	25.20	22.70	11.30	0.20	49.53
36.10	25.10	22.80	11.00	0.20	49.75
36.20	25.20	22.80	11.30	0.20	50.97
36.30	25.20	22.80	11.30	0.40	51.01
36.40	25.20	22.70	11.40	0.70	50.98
36.50	25.20	22.70	12.10	0.70	50.94
36.60	25.20	22.60	12.10	0.40	50.91
36.70	25.20	22.60	12.10	0.40	50.85
36.80	25.20	22.60	12.20	0.20	50.88
36.90	25.20	22.60	12.50	0.40	50.84
37.00	25.20	22.70	12.20	0.00	50.76
37.10	25.30	22.80	12.40	0.50	50.68
37.20	25.30	22.80	12.50	0.40	50.72
37.30	25.40	22.70	12.80	0.70	50.69
37.40	25.20	22.60	11.30	0.40	50.63
37.50	25.20	22.60	12.70	0.40	50.59
37.60	25.30	22.70	12.70	0.40	50.52
37.70	25.20	22.70	12.70	0.40	50.47
37.80	25.20	22.70	13.40	0.50	50.44
37.90	25.30	22.70	13.30	0.00	50.38
38.00	25.20	22.70	13.70	0.00	50.36
38.10	25.20	22.70	13.40	0.20	50.37
38.20	25.50	22.80	14.10	0.40	50.33
38.30	25.40	22.70	14.20	0.50	50.23
38.40	25.40	22.70	13.90	0.50	50.21
38.50	25.30	22.60	13.90	0.50	50.20
38.60	25.50	22.60	13.90	0.50	50.14
38.70	25.50	22.60	14.20	0.50	50.15
38.80	25.50	22.70	13.90	0.50	50.13
38.90	25.40	22.70	14.20	0.50	50.12
39.00	25.40	22.70	14.40	0.80	50.05
39.10	25.30	22.60	14.50	0.50	50.02
39.20	25.40	22.70	14.70	0.70	50.00
39.30	25.60	22.70	14.70	0.20	49.98
39.40	25.60	22.70	14.70	0.20	49.95
39.50	25.50	22.70	15.00	0.40	49.94
39.60	25.40	22.60	15.10	0.50	49.87
39.70	25.40	22.60	15.00	0.40	49.87
39.80	25.60	22.60	15.60	1.70	49.88
39.90	25.50	22.60	15.30	0.50	49.81
40.00	25.50	22.60	15.60	0.40	49.82
40.10	25.40	22.60	16.10	0.70	49.81
40.20	25.60	22.60	15.60	0.50	49.73
40.30	25.60	22.60	15.60	0.50	49.73
40.40	25.60	22.70	15.90	0.00	49.70
40.50	25.40	22.50	15.90	0.50	49.65
40.60	25.40	22.50	16.50	0.40	49.65
40.70	25.50	22.70	16.40	0.00	49.62
40.80	25.40	22.60	17.30	0.50	49.63
40.90	25.40	22.60	16.70	1.10	49.59
41.00	25.60	22.60	16.50	0.50	49.59
41.10	25.70	22.80	16.50	0.40	49.53
41.20	25.70	22.80	17.00	0.20	49.48
41.30	25.60	22.80	17.00	0.20	49.53
41.40	25.70	22.70	17.00	0.20	49.48
41.50	25.70	22.70	17.10	0.20	49.44
41.60	25.60	22.70	17.00	0.40	49.44
41.70	25.60	22.60	17.40	0.70	49.44
41.80	25.60	22.60	17.90	0.70	49.43
41.90	25.60	22.70	17.40	0.40	49.37
42.00	25.60	22.70	17.60	0.40	49.42
42.10	25.80	22.70	17.60	0.40	49.36
42.20	25.60	22.60	17.40	0.40	49.35
42.30	25.60	22.60	17.90	0.20	49.33
42.40	25.60	22.70	17.90	0.80	49.35
42.50	25.60	22.70	18.20	-1.30	49.33
42.60	25.60	22.70	18.10	-0.10	49.34
42.70	25.70	22.80	18.50	0.80	49.29
42.80	25.60	22.50	18.70	0.70	49.30
42.90	25.70	22.60	18.20	0.20	49.30
43.00	25.70	22.60	18.20	0.20	49.30
43.10	25.80	22.60	18.70	0.00	49.29
43.20	25.80	22.60	18.80	0.70	49.25
43.30	25.70	22.70	19.00	0.50	49.28
43.40	25.50	22.70	19.30	0.70	51.08
43.50	25.50	22.70	19.40	0.50	51.43
43.60	25.80	22.70	19.30	0.50	51.43
43.70	25.70	22.60	18.40	0.70	51.39
43.80	25.70	22.60	19.60	0.20	51.33
43.90	25.70	22.60	19.60	0.20	51.27
44.00	25.60	22.60	19.40	0.40	51.23
44.10	25.70	22.60	19.90	0.40	51.16
44.20	25.70	22.60	19.90	0.50	51.15
44.30	25.80	22.70	19.80	0.50	51.10
44.40	25.80	22.70	20.40	0.50	50.97
44.50	25.70	22.60	20.50	0.40	51.01
44.60	25.80	22.70	21.00	0.50	50.92
44.70	25.90	22.60	21.00	0.40	50.86
44.80	25.90	22.60	21.00	0.40	50.86
44.90	25.90	22.80	20.70	0.80	50.83
45.00	25.90	22.80	20.80	0.20	50.77
45.10	25.80	22.60	21.40	0.40	50.71
45.20	25.80	22.70	20.40	0.40	50.00
45.30	25.80	22.70	21.30	0.80	49.56
45.40	25.90	22.60	21.30	0.70	49.53
45.50	25.80	22.70	21.30	0.40	49.47
45.60	25.80	22.70	21.60	0.20	49.48
45.70	25.90	22.60	21.60	0.20	49.47
45.80	25.90	22.60	21.80	0.70	49.46
45.90	25.80	22.60	22.10	-0.10	49.48
46.00	25.90	22.60	22.80	0.50	49.42
46.10	25.90	22.60	22.40	0.50	49.47
46.20	25.90	22.70	22.10	0.50	49.36
46.30	25.90	22.70	22.40	0.00	49.38
46.40	25.90	22.70	22.40	0.50	49.34
46.50	25.90	22.70	22.40	0.40	49.38
46.60	25.90	22.60	22.20	0.70	49.33
46.70	25.90	22.60	22.70	0.40	49.31
46.80	25.90	22.60	22.70	0.40	49.28
46.90	25.90	22.60	22.50	0.40	49.24
47.00	25.90	22.60	22.80	0.40	49.23
47.10	25.80	22.70	23.10	0.50	49.25
47.20	25.90	22.60	22.80	0.40	49.17
47.30	25.90	22.60	23.00	0.00	49.15
47.40	25.90	22.60	23.00	0.00	49.17
47.50	25.80	22.60	23.40	0.20	49.10
47.60	25.80	22.60	23.60	0.40	49.10
47.70	25.80	22.60	22.80	0.40	49.01
47.80	26.00	22.70	23.40	0.70	49.09
47.90	26.00	22.70	23.90	0.40	49.06
48.00	25.90	22.60	23.90	0.40	49.05
48.10	25.80	22.60	24.10	0.20	49.05
48.20	26.00	22.70	24.10	-0.10	49.05
48.30	26.00	22.70	24.10	-0.10	49.04
48.40	26.00	22.60	24.20	0.40	49.72
48.50	25.90	22.70	24.70	0.70	50.33
48.60	25.90	22.70	25.00	0.00	50.69
48.70	25.90	22.70	24.50	0.40	51.03
48.80	26.00	22.70	24.70	0.50	50.92
48.90	26.00	22.70	24.80	0.40	50.94
49.00	26.00	22.60	25.00	0.50	50.83
49.10	25.90	22.70	25.30	0.80	50.86
49.20	25.90	22.70	25.30	0.80	50.77
49.30	25.90	22.70	25.10	0.20	50.81
49.40	26.10	22.70	25.10	0.70	50.81
49.50	25.90	22.80	25.60	0.80	50.73
49.60	25.90	22.80	25.80	0.70	50.68
49.70	26.00	22.80	25.60	0.40	50.68
49.80	26.00	22.70	25.90	0.40	50.62
49.90	26.00	22.70	26.10	0.80	50.53
50.00	26.00	22.70	26.10	0.40	50.53
50.10	26.00	22.70	26.10	0.40	50.54
50.20	26.00	22.70	26.20	0.00	50.43
50.30	26.10	22.60	26.50	0.80	50.50
50.40	26.00	22.60	26.50	0.00	50.39
50.50	26.00	22.60	26.70	0.40	50.33
50.60	25.90	22.60	26.70	0.50	50.34
50.70	26.10	22.80	27.60	0.50	50.32
50.80	26.10	22.80	26.80	0.40	50.21
50.90	26.10	22.70	26.80	0.40	50.21
51.00	26.00	22.70	27.00	0.00	50.12
51.10	26.00	22.70	26.80	0.40	50.14
51.20	26.10	22.60	27.00	-0.10	50.10
51.30	26.10	22.80	27.90	0.80	50.05
51.40	26.10	22.80	27.60	0.40	50.04
51.50	26.10	22.60	28.10	0.40	49.98
51.60	26.00	22.60	28.40	0.40	49.99
51.70	26.10	22.60	27.90	0.20	49.88
51.80	26.10	22.60	27.80	0.40	49.93
51.90	26.10	22.60	28.20	0.50	49.94
52.00	26.10	22.70	28.50	0.00	49.88
52.10	26.10	22.70	28.20	0.50	49.80
52.20	26.10	22.70	28.10	0.20	49.81
52.30	26.00	22.50	28.50	-0.30	49.70
52.40	26.00	22.50	28.40	0.20	49.69
52.50	26.10	22.60	28.80	0.00	49.61
52.60	26.10	22.60	29.00	0.00	49.60
52.70	26.10	22.60	29.00	0.00	49.60
52.80	26.10	22.60	28.70	0.40	49.56
52.90	26.10	22.70	29.00	0.70	49.55
53.00	26.10	22.70	28.80	0.00	49.49
53.10	26.10	22.70	29.80	0.20	49.47
53.20	25.90	22.50	29.50	0.50	49.43
53.30	25.90	22.50	29.60	0.20	49.37
53.40	26.10	22.60	29.60	0.50	49.34
53.50	26.10	22.60	29.60	0.50	49.35
53.60	26.10	22.60	29.60	0.50	49.34
53.70	26.10	22.60	30.20	0.80	49.23
53.80	26.10	22.60	29.60	0.70	49.29
53.90	26.10	22.70	30.20	0.50	49.27
54.00	26.00	22.50	30.40	1.00	49.22
54.10	26.00	22.50	30.20	-0.10	49.15
54.20	26.10	22.70	30.40	0.00	49.21
54.30	26.10	22.50	31.00	0.20	49.16
54.40	26.10	22.50	30.80	0.40	49.12
54.50	26.10	22.70	30.80	0.40	49.12
54.60	26.10	22.70	31.00	0.80	49.09
54.70	26.10	22.70	31.10	0.80	49.05
54.80	26.00	22.60	31.30	0.80	49.04
54.90	26.00	22.60	31.30	0.50	49.04
55.00	26.10	22.70	31.30	0.50	50.77
55.10	26.10	22.60	31.50	0.50	52.17
55.20	26.10	22.60	31.50	0.70	52.19
55.30	26.10	22.60	31.90	0.40	52.07
55.40	26.00	22.60	31.90	0.40	51.99
55.50	26.00	22.60	31.80	0.80	51.88
55.60	26.10	22.60	31.90	0.40	51.85
55.70	26.30	22.60	31.90	0.50	51.74
55.80	26.30	22.60	32.40	0.20	51.60
55.90	26.20	22.70	32.70	0.20	51.59
56.00	26.10	22.60	32.70	-0.10	51.46
56.10	26.10	22.60	32.40	0.40	50.77
56.20	26.10	22.60	33.30	0.70	50.18
56.30	26.00	22.50	33.30	0.70	49.94
56.40	26.00	22.50	33.10	0.40	49.86
56.50	26.10	22.60	32.80	0.70	49.81
56.60	26.20	22.60	33.00	0.70	49.70
56.70	26.20	22.60	33.50	0.50	49.72
56.80	26.00	22.60	32.80	0.20	49.69
56.90	26.10	22.60	33.50	0.80	49.67
57.00	26.10	22.60	33.60	0.50	49.68
57.10	26.00	22.40	33.30	0.40	49.54
57.20	26.10	22.50	33.30	0.40	49.55
57.30	26.10	22.50	33.60	0.70	49.47
57.40	26.20	22.60	33.80	0.80	49.48
57.50	26.20	22.60	35.00	0.40	49.50
57.60	26.20	22.60	33.90	0.40	49.35
57.70	26.10	22.60	34.40	0.00	49.42
57.80	26.10	22.70	34.20	0.40	49.38
57.90	26.10	22.70	34.50	0.40	49.33
58.00	26.20	22.70	34.70	0.50	49.31
58.10	26.30	22.70	34.70	0.50	49.33
58.20	26.30	22.70	34.70	0.70	49.24
58.30	26.20	22.70	34.50	0.40	49.28
58.40	26.10	22.60	34.80	0.50	49.22
58.50	26.10	22.60	35.00	0.40	49.22
58.60	26.10	22.70	35.00	0.50	49.12
58.70	26.30	22.70	35.30	0.50	49.10
58.80	26.30	22.70	35.30	0.40	49.10
58.90	26.10	22.60	35.80	0.80	49.06
59.00	26.20	22.70	35.80	0.80	49.09
59.10	26.20	22.70	36.80	0.20	49.08
59.20	26.10	22.60	35.60	0.50	49.01
59.30	26.10	22.60	35.60	0.70	49.01
59.40	26.10	22.60	36.20	0.80	50.00
59.50	26.00	22.60	36.20	0.00	50.54
59.60	26.10	22.60	36.10	0.80	50.79
59.70	26.10	22.60	36.50	0.50	50.79
59.80	26.20	22.70	36.40	0.40	50.65
59.90	26.40	22.70	36.40	0.40	50.73
60.00	26.40	22.70	37.00	0.80	50.60
60.10	26.00	22.60	36.80	0.20	50.53
60.20	26.20	22.60	37.00	0.50	50.41
60.30	26.20	22.60	37.20	0.00	50.49
60.40	26.00	22.60	37.20	0.70	50.36
60.50	26.30	22.80	37.20	0.40	50.30
60.60	26.30	22.80	37.00	-0.40	50.37
60.70	26.10	22.50	37.30	0.70	50.23
60.80	26.20	22.60	37.30	0.70	50.17
60.90	26.20	22.70	37.90	0.80	50.18
61.00	26.20	22.70	37.80	0.00	50.18
61.10	26.20	22.70	37.90	0.70	49.99
61.20	26.20	22.60	37.90	0.50	50.01
61.30	26.20	22.60	37.60	0.40	49.98
61.40	26.10	22.70	38.10	0.70	49.98
61.50	26.20	22.60	38.40	0.50	49.95
61.60	26.20	22.60	38.40	0.40	49.82
61.70	26.20	22.60	38.40	0.40	49.85
61.80	26.20	22.80	38.20	0.70	49.79
61.90	26.20	22.80	39.00	0.70	49.79
62.00	26.40	22.70	38.80	0.70	49.66
62.10	26.20	22.70	39.20	0.70	49.73
62.20	26.20	22.70	39.30	0.20	49.62
62.30	26.20	22.70	39.30	0.70	49.53
62.40	26.10	22.50	39.00	0.50	49.57
62.50	26.10	22.50	39.60	0.50	49.50
62.60	26.20	22.70	39.60	0.50	49.46
62.70	26.20	22.80	39.30	0.80	49.41
62.80	26.20	22.80	39.80	0.80	49.37
62.90	26.10	22.60	39.50	0.40	44.09
63.00	25.80	22.50	39.20	0.50	45.90
63.10	25.80	22.50	39.60	0.40	46.22
63.20	26.00	22.70	39.50	0.50	47.61
63.30	26.00	22.70	39.60	0.00	48.01
63.40	25.90	22.60	39.60	0.50	48.01
63.50	25.90	22.60	39.60	0.50	47.85
63.60	25.70	22.60	39.30	0.20	46.60
63.70	25.70	22.50	39.50	0.70	46.42
63.80	25.70	22.50	39.60	0.70	41.27
63.90	25.70	22.70	39.20	0.50	19.90
64.00	25.70	22.70	39.20	0.20	13.12
64.10	25.70	22.70	39.30	0.40	10.03
64.20	25.50	22.60	39.30	0.40	7.99
64.30	25.40	22.70	39.30	1.10	6.49
64.40	25.40	22.70	39.30	1.10	5.41
64.50	25.40	22.70	39.20	0.50	4.61
64.60	25.20	22.60	39.20	0.70	3.97
64.70	25.20	22.70	39.00	0.70	3.43
64.80	25.20	22.70	39.80	0.70	3.07
64.90	25.20	22.60	38.70	0.40	2.75
65.00	25.20	22.70	39.30	0.20	2.53
65.10	25.20	22.70	39.00	0.80	2.19
65.20	25.10	22.60	39.00	0.80	2.01
65.30	25.00	22.70	39.20	0.50	1.89
65.40	24.90	22.70	39.30	0.50	1.73
65.50	24.90	22.70	39.30	0.80	1.60
65.60	24.90	22.60	39.00	0.20	1.46
65.70	24.90	22.70	39.20	0.20	1.29
65.80	24.90	22.70	39.00	0.50	1.18
65.90	24.80	22.50	39.20	0.50	1.16
66.00	24.80	22.50	38.80	-0.10	1.09
66.10	24.70	22.60	38.80	-0.10	0.99
66.20	24.90	22.70	39.30	1.40	0.95
66.30	24.80	22.70	39.30	0.40	0.95
66.40	24.80	22.70	39.00	0.50	0.83
66.50	24.70	22.60	39.00	0.40	0.81
66.60	24.70	22.70	39.00	0.40	0.78
66.70	24.70	22.70	39.00	0.70	0.75
66.80	24.70	22.70	39.30	0.00	0.70
66.90	24.70	22.50	39.50	0.20	0.67
67.00	24.70	22.50	39.50	0.20	0.65
67.10	24.50	22.60	38.80	0.00	0.63
67.20	24.50	22.60	39.50	1.60	0.65
67.30	24.50	22.60	39.00	0.50	0.60
67.40	24.50	22.60	39.20	0.40	0.60
67.50	24.60	22.60	39.20	0.50	0.51
67.60	24.60	22.60	38.70	0.50	0.51
67.70	24.60	22.60	38.80	0.50	0.56
67.80	24.60	22.70	39.20	0.20	0.51
67.90	24.60	22.70	39.20	0.20	0.49
68.00	24.50	22.70	38.70	0.50	0.44
68.10	24.60	22.60	39.00	0.20	0.49
68.20	24.60	22.60	39.00	0.40	0.51
68.30	24.40	22.50	39.20	0.40	0.44
68.40	24.40	22.50	38.80	0.70	0.44
68.50	24.40	22.50	39.00	0.40	0.39
68.60	24.40	22.60	39.00	0.50	0.39
68.70	24.40	22.50	39.20	-0.90	0.39
68.80	24.40	22.50	39.20	-0.90	0.37
68.90	24.40	22.60	39.00	-1.60	0.39
69.00	24.50	22.60	38.80	0.50	0.34
69.10	24.50	22.60	38.80	0.00	0.37
69.20	24.40	22.70	39.00	0.40	0.37
69.30	24.40	22.60	38.80	0.20	0.37
69.40	24.40	22.60	39.00	-0.30	0.37
69.50	24.40	22.60	39.00	0.20	0.34
69.60	24.40	22.60	38.70	0.20	0.34
69.70	24.40	22.60	38.70	0.20	0.37
69.80	24.30	22.60	39.20	0.40	0.34
69.90	24.30	22.70	39.00	0.70	0.37
70.00	24.30	22.70	39.50	0.00	0.32
70.10	24.40	22.80	39.00	0.40	0.27
70.20	24.10	22.60	39.20	0.50	0.32
70.30	24.10	22.60	38.50	0.70	0.30
70.40	24.20	22.60	39.00	0.20	0.27
70.50	24.20	22.60	38.80	0.20	0.32
70.60	24.20	22.60	38.80	0.20	0.30
70.70	24.20	22.60	39.30	0.20	0.27
70.80	24.20	22.50	39.00	0.70	0.27
70.90	24.20	22.50	39.30	0.40	0.30
71.00	24.10	22.60	38.80	0.40	0.32
71.10	24.10	22.60	39.30	0.20	0.30
71.20	24.20	22.70	39.20	0.40	0.30
71.30	24.00	22.50	39.20	-1.60	0.27
71.40	24.00	22.50	38.80	0.40	0.30
71.50	24.20	22.70	38.80	0.50	0.25
71.60	24.10	22.50	39.00	0.40	0.25
71.70	24.10	22.50	39.30	0.20	0.27
71.80	24.10	22.50	38.70	0.40	0.27
71.90	24.10	22.50	38.50	0.20	0.27
72.00	23.90	22.60	39.00	0.40	0.24
72.10	24.00	22.50	38.80	0.40	0.24
72.20	24.00	22.50	39.30	0.20	0.27
72.30	24.00	22.60	39.30	0.20	0.25
72.40	24.10	22.70	39.20	0.00	0.24
72.50	24.00	22.70	38.80	0.50	0.24
72.60	24.00	22.70	38.50	0.80	0.30
72.70	24.20	22.60	39.20	0.00	0.27
72.80	24.10	22.60	38.80	0.50	0.27
72.90	24.10	22.60	39.00	0.50	0.27
73.00	23.90	22.50	38.80	-1.50	0.30
73.10	23.90	22.50	38.80	0.50	0.30
73.20	24.00	22.60	38.80	0.50	0.27
73.30	24.00	22.60	38.80	0.70	0.24
73.40	24.00	22.60	38.70	0.50	0.24
73.50	23.90	22.60	39.00	1.10	0.24
73.60	24.00	22.60	38.80	0.50	0.27
73.70	24.00	22.60	38.80	0.40	0.24
73.80	23.80	22.60	38.70	0.20	0.25
73.90	23.80	22.60	40.10	0.50	0.27
74.00	23.90	22.50	39.50	1.00	0.24
74.10	23.90	22.50	39.50	1.00	0.25
74.20	23.90	22.50	38.50	0.40	0.24
74.30	23.90	22.60	38.70	0.20	0.30
74.40	23.90	22.60	38.80	0.50	0.25
74.50	23.90	22.60	39.30	0.50	0.24
74.60	24.00	22.60	38.80	0.40	0.24
74.70	23.80	22.60	39.00	1.00	0.27
74.80	23.70	22.50	39.20	0.20	0.25
74.90	23.70	22.50	38.80	-1.60	0.27
75.00	23.80	22.50	38.80	-1.60	0.24
75.10	23.90	22.70	39.00	0.40	0.32
75.20	23.90	22.70	39.00	0.40	0.27
75.30	23.80	22.50	39.00	0.20	0.25
75.40	23.80	22.60	39.20	0.20	0.25
75.50	23.80	22.60	39.50	0.00	0.25
75.60	23.80	22.50	39.00	0.80	0.25
75.70	23.90	22.60	39.00	-0.10	0.25
75.80	23.90	22.60	39.20	0.50	0.24
75.90	23.70	22.60	39.20	0.50	0.27
76.00	23.80	22.50	39.00	0.00	0.32
76.10	23.80	22.70	39.00	0.20	0.27
76.20	23.80	22.70	38.80	0.70	0.30
76.30	23.80	22.60	39.00	0.70	0.30
76.40	23.80	22.60	39.00	0.80	0.30
76.50	23.90	22.70	39.00	0.50	0.27
76.60	23.80	22.60	39.20	-0.10	0.25
76.70	23.80	22.60	38.40	0.80	0.24
76.80	23.70	22.50	39.20	0.40	0.27
76.90	23.70	22.60	39.00	0.70	0.32
77.00	23.90	22.70	38.80	0.40	0.25
77.10	23.90	22.70	39.30	0.40	0.27
77.20	23.90	22.70	39.00	0.50	0.24
77.30	23.90	22.70	38.80	0.00	0.24
77.40	23.70	22.70	38.80	0.50	0.25
77.50	23.70	22.50	38.80	0.70	0.27
77.60	23.60	22.40	38.80	0.70	0.25
77.70	23.60	22.40	39.30	-0.10	0.27
77.80	23.70	22.60	38.70	0.70	0.27
77.90	23.70	22.60	39.00	0.20	0.27
78.00	23.70	22.60	38.70	0.00	0.27
78.10	23.70	22.70	39.00	0.40	0.30
78.20	23.60	22.60	39.00	0.80	0.24
78.30	23.60	22.60	39.00	0.70	0.21
78.40	23.60	22.50	39.30	0.50	0.25
78.50	23.60	22.70	39.00	0.50	0.24
78.60	23.60	22.70	39.00	0.20	0.27
78.70	23.70	22.70	38.80	0.00	0.25
78.80	23.60	22.70	39.30	0.40	0.25
78.90	23.60	22.70	38.80	-0.10	0.27
79.00	23.70	22.60	38.80	0.50	0.27
79.10	23.60	22.50	38.80	0.40	0.24
79.20	23.60	22.50	38.80	0.80	0.21
79.30	23.60	22.60	38.70	0.20	0.24
79.40	23.60	22.60	39.20	0.20	0.25
79.50	23.70	22.60	39.00	-0.10	0.24
79.60	23.60	22.60	39.00	0.40	0.30
79.70	23.60	22.60	39.00	0.50	0.25
79.80	23.60	22.60	39.00	0.40	0.24
79.90	23.60	22.60	38.80	0.20	0.25
80.00	23.60	22.60	38.80	0.20	0.27
80.10	23.70	22.70	38.50	0.20	0.25
80.20	23.50	22.50	39.20	0.40	0.25
80.30	23.50	22.50	38.80	0.40	0.24
80.40	23.40	22.50	38.80	0.40	0.25
80.50	23.50	22.60	38.70	0.50	0.27
80.60	23.50	22.60	38.40	0.20	0.25
80.70	23.60	22.60	38.80	0.20	0.25
80.80	23.50	22.60	38.80	0.20	0.27
80.90	23.50	22.60	39.00	0.40	0.24
81.00	23.50	22.60	38.50	-0.30	0.27
81.10	23.40	22.60	39.00	0.50	0.24
81.20	23.40	22.60	39.00	0.00	0.24
81.30	23.40	22.50	38.80	0.70	0.24
81.40	23.40	22.50	39.00	0.50	0.25
81.50	23.40	22.50	39.00	0.20	0.27
81.60	23.50	22.60	39.00	0.00	0.27
81.70	23.60	22.60	39.00	0.40	0.27
81.80	23.60	22.60	38.70	0.20	0.24
81.90	23.40	22.50	38.80	0.40	0.30
82.00	23.60	22.60	38.80	0.20	0.30
82.10	23.60	22.60	39.80	0.40	0.27
82.20	23.50	22.70	39.80	0.40	0.27
82.30	23.40	22.50	39.30	0.50	0.27
82.40	23.50	22.60	38.80	0.50	0.27
82.50	23.50	22.60	39.00	0.20	0.27
82.60	23.60	22.50	39.00	0.40	0.27
82.70	23.60	22.50	38.80	0.70	0.30
82.80	23.50	22.60	39.00	-0.10	0.27
82.90	23.40	22.60	38.40	0.70	0.30
83.00	23.40	22.60	39.20	0.40	0.24
83.10	23.50	22.70	39.20	0.40	0.24
83.20	23.50	22.50	38.70	0.20	0.27
83.30	23.40	22.60	39.20	0.20	0.30
83.40	23.40	22.60	39.00	0.20	0.21
83.50	23.40	22.70	39.20	0.50	0.27
83.60	23.40	22.70	38.80	0.40	0.25
83.70	23.50	22.50	38.80	0.20	0.24
83.80	23.30	22.50	39.00	0.40	0.21
83.90	23.30	22.30	38.80	1.00	0.24
84.00	23.30	22.30	38.80	1.00	0.25
84.10	23.50	22.50	39.30	1.00	0.24
84.20	23.40	22.60	39.20	0.40	0.27
84.30	23.40	22.60	38.80	0.50	0.27
84.40	23.20	22.50	38.80	0.00	0.25
84.50	23.20	22.50	39.00	0.50	0.25
84.60	23.60	22.60	38.70	0.70	0.27
84.70	23.40	22.50	39.00	0.40	0.27
84.80	23.40	22.50	38.70	0.50	0.25
84.90	23.40	22.60	38.80	0.00	0.25
85.00	23.30	22.60	38.70	0.70	0.25
85.10	23.30	22.60	38.70	0.50	0.27
85.20	23.30	22.50	39.00	0.50	0.24
85.30	23.30	22.50	38.80	0.40	0.24
85.40	23.30	22.50	38.80	0.80	0.27
85.50	23.30	22.60	39.00	0.70	0.25
85.60	23.30	22.60	39.20	0.20	0.27
85.70	23.30	22.60	39.20	0.20	0.24
85.80	23.30	22.60	39.20	-0.10	0.24
85.90	23.30	22.60	38.80	0.40	0.21
86.00	23.30	22.60	38.80	0.00	0.25
86.10	23.40	22.60	38.80	-0.10	0.24
86.20	23.40	22.60	39.20	0.40	0.21
86.30	23.20	22.70	38.80	0.50	0.24
86.40	23.20	22.70	39.20	0.20	0.24
86.50	23.30	22.60	39.00	0.50	0.27
86.60	23.30	22.60	39.00	0.50	0.24
86.70	23.30	22.60	39.00	0.50	0.24
86.80	23.30	22.60	39.30	0.20	0.21
86.90	23.40	22.60	39.00	0.70	0.25
87.00	23.30	22.50	38.50	0.00	0.25
87.10	23.30	22.50	38.40	0.00	0.24
87.20	23.20	22.50	38.40	0.20	0.24
87.30	23.30	22.60	39.20	0.20	0.24
87.40	23.30	22.60	39.00	0.40	0.24
87.50	23.20	22.50	39.00	0.40	0.21
87.60	23.20	22.50	38.80	-0.10	0.21
87.70	23.20	22.50	39.20	0.00	0.21
87.80	23.20	22.50	39.20	-0.10	0.21
87.90	23.20	22.50	38.80	-0.10	0.21
88.00	23.20	22.50	39.00	0.00	0.19
88.10	23.30	22.50	38.80	0.20	0.21
88.20	23.30	22.60	39.00	0.20	0.21
88.30	23.30	22.60	38.80	-0.10	0.17
88.40	23.30	22.60	39.00	0.20	0.19
88.50	23.40	22.60	38.80	0.00	0.21
88.60	23.30	22.60	38.80	0.20	0.00
88.70	23.30	22.60	38.80	0.40	0.00
88.80	23.30	22.50	39.20	0.00	0.00
88.90	23.20	22.50	38.70	0.40	0.00
89.00	23.20	22.50	38.80	0.40	0.00
89.10	23.30	22.50	39.00	0.20	0.00
89.20	23.20	22.60	39.00	0.20	0.00
89.30	23.20	22.60	39.00	0.70	0.00
89.40	23.20	22.50	38.80	0.50	0.00
89.50	23.20	22.50	39.20	0.20	0.00
89.60	23.20	22.50	38.80	0.50	0.00
89.70	23.20	22.50	38.50	0.70	0.00
89.80	23.20	22.50	39.50	0.00	0.00
89.90	23.10	22.60	39.00	0.40	0.00
90.00	23.10	22.60	38.40	0.50	0.00
90.10	23.20	22.60	38.40	0.50	0.00
90.20	23.20	22.70	39.00	0.70	0.00
90.30	23.20	22.70	39.30	0.70	0.00
90.40	23.10	22.50	39.00	0.20	0.00
90.50	23.30	22.70	39.00	0.20	0.00
90.60	23.30	22.70	39.30	-0.10	0.00
90.70	23.30	22.60	39.00	0.80	0.00
90.80	23.20	22.60	39.20	0.20	0.00
90.90	23.20	22.60	39.20	0.00	0.00
91.00	23.10	22.60	39.20	0.00	0.00
91.10	23.20	22.60	39.00	0.00	0.00
91.20	23.20	22.60	38.80	0.50	0.00
91.30	23.00	22.40	39.20	0.20	0.00
91.40	23.20	22.60	39.00	0.20	0.00
91.50	23.20	22.60	38.80	0.40	0.00
91.60	23.10	22.60	39.00	0.70	0.00
91.70	23.10	22.60	38.70	0.20	0.00
91.80	23.10	22.60	38.80	0.20	0.00
91.90	23.20	22.70	39.20	0.50	0.00
92.00	23.20	22.60	39.00	0.70	0.00
92.10	23.20	22.60	39.30	-0.30	0.00
92.20	23.20	22.60	38.80	0.40	0.00
92.30	23.20	22.60	39.20	0.40	0.00
92.40	23.20	22.50	38.80	0.20	0.00
92.50	23.20	22.60	39.00	-0.30	0.00
92.60	23.20	22.60	39.00	0.20	0.00
92.70	23.00	22.50	39.00	0.50	0.00
92.80	23.20	22.60	39.00	0.50	0.00
92.90	23.20	22.60	39.00	0.40	0.00
93.00	23.20	22.60	39.00	0.50	0.00
93.10	23.20	22.60	39.20	0.00	0.00
93.20	23.20	22.60	39.00	-0.10	0.00
93.30	23.10	22.60	39.00	0.00	0.00
93.40	23.10	22.60	39.20	0.40	0.00
93.50	23.20	22.60	38.80	0.00	0.00
93.60	23.20	22.60	39.30	0.50	0.00
93.70	23.10	22.60	39.30	0.50	0.00
93.80	23.10	22.50	39.00	0.50	0.00
93.90	23.10	22.50	38.80	0.00	0.00
94.00	23.20	22.50	38.70	0.80	0.00
94.10	23.00	22.50	39.00	0.50	0.00
94.20	23.20	22.60	38.70	0.50	0.00
94.30	23.20	22.60	38.50	0.40	0.00
94.40	23.10	22.60	39.00	0.80	0.00
94.50	22.90	22.40	39.20	0.00	0.00
94.60	22.90	22.40	39.20	0.00	0.00
94.70	23.20	22.60	38.80	0.70	0.00
94.80	23.10	22.60	38.80	0.40	0.00
94.90	23.10	22.60	38.80	0.50	0.00
95.00	23.20	22.70	38.50	0.40	0.00
95.10	23.10	22.50	39.20	0.50	0.00
95.20	23.10	22.50	39.00	0.00	0.00
95.30	23.00	22.50	39.00	0.70	0.00
95.40	23.00	22.50	38.70	0.40	0.00
95.50	23.00	22.50	38.70	0.40	0.00
95.60	23.00	22.60	38.50	0.40	0.00
95.70	23.00	22.40	38.70	0.20	0.00
95.80	23.00	22.40	38.70	0.00	0.00
95.90	23.20	22.60	39.00	-0.40	0.00
96.00	23.10	22.60	39.00	-0.30	0.00
96.10	23.10	22.60	38.80	0.00	0.00
96.20	23.10	22.50	39.00	0.00	0.00
96.30	23.10	22.70	38.80	0.40	0.00
96.40	23.10	22.70	38.80	0.40	0.00
96.50	23.20	22.60	39.00	0.20	0.00
96.60	23.10	22.50	38.80	0.20	0.00
96.70	23.10	22.50	39.00	0.40	0.00
96.80	23.10	22.60	38.70	0.50	0.00
96.90	23.20	22.70	39.80	-0.30	0.00
97.00	23.10	22.60	39.00	0.00	0.00
97.10	23.10	22.60	38.70	0.70	0.00
97.20	22.90	22.50	38.80	0.20	0.00
97.30	23.00	22.60	39.00	0.00	0.00
97.40	23.00	22.60	38.70	0.50	0.00
97.50	23.00	22.60	38.80	0.20	0.00
97.60	23.00	22.50	39.00	0.00	0.00
97.70	23.00	22.50	39.20	-0.10	0.00
97.80	23.20	22.70	38.50	0.50	0.00
97.90	23.00	22.60	38.50	0.50	0.00
98.00	23.00	22.60	39.00	0.20	0.00
98.10	23.00	22.70	38.50	0.40	0.00
98.20	23.00	22.50	38.80	0.20	0.00
98.30	23.00	22.50	38.20	0.50	0.00
98.40	23.00	22.50	39.20	0.50	0.00
98.50	23.00	22.50	39.00	0.00	0.00
98.60	23.00	22.50	39.90	0.20	0.00
98.70	23.10	22.50	39.00	0.40	0.00
98.80	23.10	22.50	39.00	-0.10	0.00
98.90	23.00	22.60	39.00	0.00	0.00
99.00	22.90	22.50	38.80	0.00	0.00
99.10	22.90	22.50	39.00	0.50	0.00
99.20	23.00	22.50	39.00	0.70	0.00
99.30	22.90	22.50	39.20	0.00	0.00
99.40	22.90	22.50	39.00	0.50	0.00
99.50	23.00	22.60	39.00	0.00	0.00
99.60	23.00	22.50	39.20	0.40	0.00
99.70	23.00	22.50	38.80	0.40	0.00
99.80	23.10	22.80	38.80	0.40	0.00
99.90	22.90	22.60	38.80	0.40	0.00
100.00	22.90	22.60	38.50	0.40	0.00
100.10	22.90	22.40	38.50	0.40	0.00
100.20	22.90	22.50	39.00	0.40	0.00
100.30	22.90	22.50	38.70	0.50	0.00
100.40	23.00	22.40	38.70	0.50	0.00
100.50	23.10	22.60	38.70	0.50	0.00
100.60	23.10	22.60	38.80	0.40	0.00
100.70	23.20	22.70	37.50	0.50	0.00
100.80	23.00	22.50	37.50	0.50	0.00
100.90	23.00	22.50	39.20	0.20	0.00
101.00	23.00	22.60	38.80	0.00	0.00
101.10	23.00	22.60	38.50	0.00	0.00
101.20	23.10	22.60	38.40	0.70	0.00
101.30	23.10	22.60	38.80	0.20	0.00
101.40	22.90	22.60	39.20	-0.10	0.00
101.50	22.90	22.50	38.50	0.20	0.00
101.60	22.90	22.50	39.00	-0.10	0.00
101.70	22.90	22.60	39.00	-0.10	0.00
101.80	23.00	22.50	39.00	0.20	0.00
101.90	23.00	22.50	39.20	-0.10	0.00
102.00	22.80	22.60	39.20	-0.10	0.00
102.10	22.80	22.50	39.20	0.20	0.00
102.20	22.80	22.50	38.80	0.20	0.00
102.30	22.90	22.50	38.80	-0.30	0.00
102.40	23.00	22.60	39.00	0.00	0.00
102.50	23.00	22.60	39.00	0.50	0.00
102.60	22.90	22.60	39.00	0.50	0.00
102.70	23.00	22.60	38.70	-0.10	0.00
102.80	23.00	22.60	38.50	0.20	0.00
102.90	23.00	22.60	38.80	0.00	0.00
103.00	23.00	22.50	39.00	-0.10	0.00
103.10	23.00	22.50	39.50	0.40	0.00
103.20	22.90	22.60	38.70	0.50	0.00
103.30	22.90	22.50	39.00	0.00	0.00
103.40	22.90	22.50	39.00	0.40	0.00
103.50	22.80	22.60	39.00	0.40	0.00
103.60	22.80	22.60	39.00	0.20	0.00
103.70	22.90	22.70	38.50	-0.30	0.00
103.80	22.90	22.40	39.00	0.40	0.00
103.90	23.00	22.60	39.00	-0.10	0.00
104.00	23.00	22.60	39.00	0.00	0.00
104.10	23.00	22.60	39.20	0.70	0.00
104.20	22.90	22.60	39.20	0.40	0.00
104.30	22.90	22.60	38.80	0.40	0.00
104.40	23.00	22.60	38.80	0.40	0.00
104.50	22.90	22.60	39.30	-0.30	0.00
104.60	22.90	22.60	38.80	0.40	0.00
104.70	22.80	22.60	39.00	-0.30	0.00
104.80	22.80	22.60	38.80	0.20	0.00
104.90	22.80	22.60	39.00	-0.30	0.00
105.00	22.80	22.40	38.70	0.70	0.00
105.10	22.80	22.40	38.80	0.50	0.00
105.20	22.80	22.40	38.80	-0.60	0.00
105.30	22.90	22.50	38.80	-0.60	0.00
105.40	22.90	22.50	39.00	0.00	0.00
105.50	22.90	22.50	38.70	0.00	0.00
105.60	22.90	22.50	39.20	0.40	0.00
105.70	22.90	22.50	39.00	-0.40	0.00
105.80	22.90	22.40	38.50	0.20	0.00
105.90	22.90	22.50	39.20	0.00	0.00
106.00	22.80	22.50	38.70	0.80	0.00
106.10	22.80	22.50	39.00	0.70	0.00
106.20	22.90	22.40	39.00	0.70	0.00
106.30	22.80	22.50	38.80	0.00	0.00
106.40	22.80	22.50	39.00	0.40	0.00
106.50	22.90	22.50	38.70	0.40	0.00
106.60	22.90	22.50	38.80	0.40	0.00
106.70	22.90	22.50	39.50	0.40	0.00
106.80	22.80	22.40	39.20	0.70	0.00
106.90	22.80	22.50	39.00	0.00	0.00
107.00	22.90	22.50	38.50	0.20	0.00
107.10	22.90	22.50	38.50	0.20	0.00
107.20	22.80	22.50	39.00	-0.30	0.00
107.30	22.80	22.40	39.20	0.40	0.00
107.40	22.80	22.40	39.20	0.20	0.00
107.50	22.90	22.60	39.00	-0.30	0.00
107.60	22.80	22.60	39.00	-0.10	0.00
107.70	22.80	22.60	39.00	-0.10	0.00
107.80	22.90	22.50	38.70	0.20	0.00
107.90	22.70	22.50	38.70	0.20	0.00
108.00	22.70	22.50	38.80	0.20	0.00
108.10	22.90	22.60	38.80	0.20	0.00
108.20	22.90	22.60	39.00	0.00	0.00
108.30	22.80	22.70	39.30	-0.10	0.00
108.40	22.80	22.70	39.00	0.20	0.00
108.50	22.90	22.70	39.20	0.00	0.00
108.60	22.80	22.50	39.00	0.20	0.00
108.70	22.80	22.50	39.00	-1.20	0.00
108.80	22.90	22.50	39.00	-1.20	0.00
108.90	22.90	22.60	39.00	0.50	0.00
109.00	22.90	22.60	39.00	0.80	0.00
109.10	22.90	22.60	39.00	0.20	0.00
109.20	22.80	22.60	39.90	0.00	0.00
109.30	22.80	22.60	38.80	0.50	0.00
109.40	22.80	22.60	38.70	0.40	0.00
109.50	22.70	22.50	39.30	0.70	0.00
109.60	22.80	22.50	38.70	0.40	0.00
109.70	22.80	22.50	38.70	0.40	0.00
109.80	22.80	22.50	39.30	0.70	0.00
109.90	22.80	22.50	39.30	0.00	0.00
110.00	22.80	22.50	39.00	0.50	0.00
110.10	22.80	22.50	39.00	0.20	0.00
110.20	22.80	22.50	39.20	0.50	0.00
110.30	22.80	22.50	39.20	0.40	0.00
110.40	22.80	22.50	38.80	0.40	0.00
110.50	22.90	22.50	39.00	0.40	0.00
110.60	22.90	22.50	39.00	0.40	0.00
110.70	22.90	22.60	38.70	0.40	0.00
110.80	22.70	22.60	39.20	0.20	0.00
110.90	22.70	22.60	39.20	0.50	0.00
111.00	22.80	22.50	38.80	0.50	0.00
111.10	22.90	22.50	38.80	0.40	0.00
111.20	22.90	22.50	39.00	0.20	0.00
111.30	22.80	22.50	39.00	0.50	0.00
111.40	22.80	22.50	39.20	0.20	0.00
111.50	22.80	22.50	39.20	0.20	0.00
111.60	22.80	22.60	38.70	0.40	0.00
111.70	22.80	22.60	39.00	0.40	0.00
111.80	22.90	22.70	38.80	0.20	0.00
111.90	22.70	22.40	38.50	0.20	0.00
112.00	22.80	22.50	39.20	0.40	0.00
112.10	22.80	22.50	38.80	0.20	0.00
112.20	22.70	22.50	38.50	0.50	0.00
112.30	22.70	22.60	39.00	0.80	0.00
112.40	22.70	22.60	39.00	0.80	0.00
112.50	22.90	22.60	39.30	0.40	0.00
112.60	22.90	22.50	38.80	0.40	0.00
112.70	22.90	22.50	39.20	0.50	0.00
112.80	22.80	22.50	39.20	0.80	0.00
112.90	22.80	22.60	38.80	0.50	0.00
113.00	22.80	22.60	39.00	-0.10	0.00
113.10	22.90	22.60	38.80	0.00	0.00
113.20	22.80	22.50	39.20	0.50	0.00
113.30	22.90	22.50	39.20	0.50	0.00
113.40	22.90	22.50	38.50	0.00	0.00
113.50	22.80	22.50	38.80	0.20	0.00
113.60	22.80	22.50	38.80	0.50	0.00
113.70	22.90	22.60	39.00	0.50	0.00
113.80	22.80	22.50	38.50	0.50	0.00
113.90	22.80	22.50	39.00	0.70	0.00
114.00	22.80	22.50	38.80	0.40	0.00
114.10	22.90	22.60	38.80	0.70	0.00
114.20	22.90	22.60	38.80	0.70	0.00
114.30	22.70	22.60	38.80	0.70	0.00
114.40	22.90	22.60	38.50	0.70	0.00
114.50	22.80	22.60	38.80	0.00	0.00
114.60	22.80	22.60	39.20	0.40	0.00
114.70	22.80	22.50	38.70	0.00	0.00
114.80	22.70	22.50	39.00	-0.10	0.00
114.90	22.70	22.50	38.80	0.50	0.00
115.00	22.80	22.50	38.80	0.20	0.00
115.10	22.80	22.50	38.80	1.00	0.00
115.20	22.90	22.50	39.00	0.70	0.00
115.30	22.80	22.50	39.20	0.00	0.00
115.40	22.60	22.50	38.50	0.20	0.00
115.50	22.60	22.50	38.50	0.20	0.00
115.60	22.70	22.50	38.80	0.00	0.00
115.70	22.70	22.50	38.50	0.20	0.00
115.80	22.70	22.50	38.70	0.00	0.00
115.90	22.70	22.50	38.80	0.80	0.00
116.00	22.70	22.50	38.80	0.50	0.00
116.10	22.80	22.60	38.70	0.40	0.00
116.20	22.70	22.60	38.80	0.40	0.00
116.30	22.70	22.60	39.00	1.40	0.00
116.40	22.70	22.50	38.80	0.50	0.00
116.50	22.70	22.50	39.20	0.70	0.00
116.60	22.70	22.60	39.00	0.20	0.00
116.70	22.70	22.50	38.50	0.20	0.00
116.80	22.70	22.50	38.80	0.20	0.00
116.90	22.70	22.60	38.80	0.20	0.00
117.00	22.90	22.70	38.70	1.00	0.00
117.10	22.80	22.50	39.20	1.70	0.01
117.20	22.80	22.50	39.00	0.50	0.00
117.30	22.80	22.60	39.20	1.10	0.00
117.40	22.80	22.60	38.80	0.40	0.00
117.50	22.80	22.60	38.70	0.20	0.01
117.60	22.80	22.60	38.80	0.50	0.01
117.70	22.90	22.80	38.80	0.80	0.01
117.80	22.90	22.80	38.80	0.80	0.01
117.90	22.80	22.60	39.00	0.40	0.01
118.00	22.80	22.70	39.20	0.50	0.01
118.10	22.80	22.70	39.20	0.50	0.01
118.20	22.90	22.70	38.80	0.20	0.01
118.30	22.80	22.70	39.50	0.70	0.02
118.40	22.80	22.70	38.70	0.40	0.20
118.50	22.80	22.70	38.50	0.00	0.57
118.60	22.70	22.60	39.20	0.40	0.95
118.70	22.70	22.60	39.20	0.40	1.41
118.80	22.80	22.60	39.00	0.70	1.92
118.90	22.80	22.70	38.70	0.40	2.50
119.00	22.90	22.90	38.80	1.10	3.17
119.10	22.90	22.90	39.00	0.80	3.85
119.20	22.80	22.60	38.80	0.80	4.45
119.30	22.80	22.60	38.70	0.70	5.10
119.40	22.70	22.60	39.00	0.80	5.87
119.50	22.70	22.70	39.00	0.70	6.69
119.60	22.70	22.70	39.00	0.70	7.41
119.70	23.00	22.90	39.00	0.50	7.93
119.80	22.70	22.70	39.00	0.80	8.30
119.90	22.70	22.70	39.30	1.10	8.52
120.00	22.70	22.60	39.00	1.10	8.70
120.10	22.70	22.60	39.20	1.10	8.92
120.20	22.70	22.60	38.80	0.70	9.10
120.30	22.70	22.60	39.30	0.80	9.46
120.40	22.70	22.60	38.80	0.70	9.92
120.50	22.60	22.70	38.80	0.70	10.40
120.60	22.90	22.80	38.50	1.00	10.82
120.70	22.90	22.80	39.00	0.70	11.35
120.80	22.90	22.80	39.20	0.50	11.72
120.90	22.90	22.80	39.00	0.80	12.06
121.00	22.80	22.70	38.80	0.80	12.47
121.10	22.70	22.70	39.00	1.10	12.99
121.20	22.70	22.70	39.20	0.80	13.53
121.30	22.70	22.60	38.70	0.20	14.05
121.40	22.70	22.70	39.00	0.70	14.61
121.50	22.70	22.70	39.00	0.50	15.20
121.60	22.60	22.70	39.20	0.80	15.56
121.70	22.90	22.70	38.80	0.80	16.02
121.80	22.90	22.70	39.30	0.50	16.47
121.90	22.70	22.70	39.30	0.50	16.90
122.00	22.80	22.70	39.00	0.50	17.49
122.10	22.80	22.70	38.50	0.50	18.09
122.20	22.80	22.60	38.50	0.50	18.53
122.30	22.60	22.60	39.00	0.40	18.92
122.40	22.60	22.70	39.20	0.40	19.39
122.50	22.60	22.70	38.50	0.70	19.86
122.60	22.60	22.60	39.00	0.70	20.33
122.70	22.70	22.70	38.80	0.40	20.71
122.80	22.70	22.70	39.00	0.50	21.08
122.90	22.70	22.60	39.20	0.20	21.51
123.00	22.60	22.60	39.00	0.20	21.93
123.10	22.60	22.60	39.00	0.20	22.59
123.20	22.80	22.70	38.80	0.20	23.27
123.30	22.70	22.60	38.80	0.20	23.96
123.40	22.70	22.60	38.70	0.50	24.52
123.50	22.60	22.40	38.80	0.40	24.79
123.60	22.80	22.60	38.40	0.00	25.28
123.70	22.80	22.60	39.00	0.00	26.08
123.80	22.80	22.60	38.70	0.20	26.79
123.90	22.60	22.50	38.70	0.00	27.31
124.00	22.60	22.50	38.70	0.00	27.88
124.10	22.70	22.50	39.00	0.00	28.31
124.20	22.70	22.60	39.20	0.20	28.71
124.30	22.70	22.60	38.80	-0.30	29.29
124.40	22.60	22.50	39.00	0.20	30.14
124.50	22.70	22.60	38.80	-0.10	30.75
124.60	22.70	22.60	38.70	0.00	31.41
124.70	22.70	22.50	39.00	0.20	32.17
124.80	22.60	22.30	39.20	-0.10	32.83
124.90	22.60	22.30	39.20	-0.10	33.09
125.00	22.70	22.40	38.80	-0.30	33.68
125.10	22.70	22.30	38.50	0.00	34.45
125.20	22.70	22.30	39.20	0.80	34.98
125.30	22.80	22.30	39.50	-0.30	35.35
125.40	22.80	22.30	39.00	-0.40	35.66
125.50	22.60	22.20	38.80	-0.40	36.05
125.60	22.70	22.20	39.30	0.70	36.47
125.70	22.70	22.20	38.70	-0.60	36.19
125.80	22.70	22.10	38.70	-0.60	36.68
125.90	22.70	22.40	39.30	-0.30	38.37
126.00	22.70	22.20	38.70	-0.60	39.84
126.10	22.70	22.20	39.30	-0.90	40.69
126.20	22.80	22.10	39.20	-1.20	41.18
126.30	22.70	22.00	38.80	-0.90	41.62
126.40	22.70	22.00	38.80	-0.70	41.98
126.50	22.80	22.10	39.00	-1.20	42.85
126.60	22.80	22.10	39.00	-3.30	43.97
126.70	22.80	22.10	39.50	-1.20	44.97
126.80	22.70	22.00	39.60	-0.90	45.83
126.90	22.80	22.10	39.20	-0.70	46.16
127.00	22.80	22.10	39.00	-1.00	46.44
127.10	22.70	21.90	39.20	-1.30	47.23
127.20	22.80	22.00	38.80	-1.00	50.23
127.30	22.80	22.00	39.20	-1.20	49.04
127.40	22.60	21.80	39.00	-1.50	47.72
127.50	22.70	21.90	39.00	-1.50	47.44
127.60	22.70	21.90	39.20	-0.90	46.44
127.70	22.80	21.80	39.00	-1.30	45.04
127.80	22.70	21.90	39.00	-1.80	42.58
127.90	22.70	21.90	38.50	-1.50	41.53
128.00	22.60	21.70	38.80	-1.50	40.74
128.10	22.80	21.70	38.80	-1.50	40.28
128.20	22.80	21.70	38.70	-1.80	39.92
128.30	22.70	21.80	38.80	-2.00	39.53
128.40	22.70	21.80	38.80	-2.00	39.40
128.50	22.50	21.60	38.80	-2.00	39.33
128.60	22.70	21.80	38.80	-1.80	39.15
128.70	22.70	21.70	39.00	-2.00	39.06
128.80	22.70	21.70	38.80	-2.30	39.06
128.90	22.60	21.70	39.20	-2.10	39.00
129.00	22.60	21.80	39.00	-2.30	38.95
129.10	22.60	21.80	39.00	-1.60	38.92
129.20	22.70	21.80	39.00	-2.60	38.93
129.30	22.50	21.80	39.00	-2.60	38.91
129.40	22.50	21.80	38.40	-2.00	38.93
129.50	22.80	21.80	38.70	-2.40	38.97
129.60	22.50	21.60	39.00	-2.60	38.86
129.70	22.50	21.60	39.20	-2.30	38.89
129.80	22.70	21.80	39.30	-2.30	38.92
129.90	22.70	21.80	39.30	-2.30	38.91
130.00	22.70	21.80	39.20	-2.70	38.87
130.10	22.70	21.60	39.00	-2.70	38.89
130.20	22.70	21.70	39.00	-2.70	38.91
130.30	22.70	21.70	39.20	-5.00	38.92
130.40	22.70	21.70	38.50	-2.60	38.88
130.50	22.90	21.90	38.50	-2.70	38.80
130.60	22.90	21.90	39.00	-2.40	38.89
130.70	22.80	21.80	38.50	-2.90	38.87
130.80	22.70	21.70	38.70	-2.70	38.92
130.90	22.70	21.70	38.70	-2.90	38.91
131.00	22.70	21.60	38.80	-3.30	39.00
131.10	22.60	21.40	38.80	-3.30	38.93
131.20	22.60	21.40	38.70	-2.70	38.95
131.30	22.60	21.50	39.00	-2.90	38.95
131.40	22.60	21.50	39.80	-3.30	38.97
131.50	22.70	21.40	39.30	-3.00	38.92
131.60	22.60	21.40	39.20	-2.90	38.93
131.70	22.60	21.40	38.50	-3.00	38.92
131.80	22.60	21.40	38.80	-3.00	38.93
131.90	22.60	21.40	38.80	-2.90	38.92
132.00	22.70	21.40	38.80	-2.90	38.97
132.10	22.70	21.40	38.80	-2.70	38.95
132.20	22.70	21.40	38.70	-3.00	38.91
132.30	22.70	21.40	39.00	-2.70	38.98
132.40	22.70	21.80	39.00	-3.00	39.00
132.50	22.70	21.80	39.30	-1.80	38.91
132.60	22.70	21.70	38.50	-2.90	39.02
132.70	22.50	21.50	38.50	-2.90	38.91
132.80	22.50	21.50	39.20	-2.30	39.02
132.90	22.60	21.60	39.20	-2.30	39.00
133.00	22.70	21.80	39.20	-2.70	38.95
133.10	22.70	21.80	38.80	-1.80	38.95
133.20	22.70	21.80	38.10	-2.70	38.95
133.30	22.70	21.80	38.50	-2.40	39.00
133.40	22.70	21.80	39.00	-2.70	38.98
133.50	22.70	21.80	38.80	-2.90	38.95
133.60	22.70	21.80	38.80	-2.90	39.00
133.70	22.60	21.70	39.20	-2.60	38.98
133.80	22.60	21.90	39.20	-2.60	38.91
133.90	22.60	21.90	38.70	-3.20	38.99
134.00	22.70	22.00	39.00	-3.30	38.98
134.10	22.50	21.90	38.70	-2.90	38.99
134.20	22.50	21.90	39.00	-2.30	38.98
134.30	22.80	22.00	39.00	-2.70	38.95
134.40	22.80	22.10	39.00	-2.70	38.98
134.50	22.80	22.10	38.50	-2.90	38.88
134.60	22.70	22.10	39.30	-2.90	39.02
134.70	22.70	22.00	39.30	-2.90	38.98
134.80	22.70	22.00	39.00	-2.70	38.95
134.90	22.60	21.90	39.30	-3.00	38.97
135.00	22.60	21.90	38.50	-2.70	38.98
135.10	22.60	21.90	39.00	-2.70	39.00
135.20	22.70	22.00	39.00	-2.70	39.00
135.30	22.70	22.00	39.30	-2.70	38.97
135.40	22.60	22.00	39.00	-2.70	38.91
135.50	22.70	22.00	39.20	-3.00	38.95
135.60	22.70	22.00	39.20	-3.00	39.00
135.70	22.60	22.00	39.20	-2.60	38.93
135.80	22.60	21.90	38.40	-2.90	39.02
135.90	22.70	22.00	38.70	-2.70	39.04
136.00	22.70	22.00	39.00	-3.00	39.00
136.10	22.60	21.90	38.70	-2.60	38.91
136.20	22.60	21.90	39.00	-2.30	39.00
136.30	22.70	22.00	39.00	-2.60	38.95
136.40	22.70	22.00	38.50	-2.60	38.95
136.50	22.70	22.00	38.50	-2.60	38.98
136.60	22.70	22.00	39.30	-2.40	38.95
136.70	22.70	22.10	39.20	-2.60	38.94
136.80	22.70	22.10	39.00	-1.60	38.95
136.90	22.60	22.00	38.80	-2.30	38.98
137.00	22.60	22.00	38.70	-2.40	38.93
137.10	22.70	22.10	38.70	-2.40	38.98
137.20	22.70	22.10	38.50	-2.60	39.02
137.30	22.70	22.10	39.00	-2.00	39.01
137.40	22.70	22.10	38.50	-2.90	38.95
137.50	22.70	22.00	39.00	-2.60	38.93
137.60	22.60	22.10	39.00	-2.30	39.01
137.70	22.80	22.20	39.00	-2.30	39.01
137.80	22.80	22.20	39.00	-2.30	39.01
137.90	22.70	22.00	39.00	-1.50	39.01
138.00	22.50	21.90	38.70	-2.40	38.94
138.10	22.50	21.90	39.00	-1.60	38.89
138.20	22.60	22.00	39.00	-2.60	12.08
138.30	22.60	22.10	38.80	-2.40	4.06
138.40	22.60	22.10	38.80	-2.70	2.82
138.50	22.70	22.10	38.70	-2.70	1.88
138.60	22.60	22.20	38.80	-2.70	1.44
138.70	22.60	22.20	38.50	-2.30	1.12
138.80	22.50	22.10	38.80	-2.60	0.92
138.90	22.60	22.10	39.00	-2.90	0.78
139.00	22.60	22.00	39.00	-2.60	0.76
139.10	22.60	22.00	39.00	-2.60	0.60
139.20	22.60	22.00	39.20	-2.30	0.58
139.30	22.60	22.00	39.00	-2.40	0.51
139.40	22.60	22.00	38.70	-2.40	0.51
139.50	22.50	22.00	39.00	-2.40	0.49
139.60	22.50	22.00	39.00	-2.30	0.46
139.70	22.60	22.10	39.00	-2.60	0.39
139.80	22.60	21.90	39.00	-2.00	0.34
139.90	22.60	21.90	39.00	-2.70	0.37
140.00	22.70	22.10	39.00	-2.70	0.39
140.10	22.60	22.20	38.80	-2.40	0.37
140.20	22.60	22.20	39.30	-2.30	0.32
140.30	22.60	22.10	39.20	-2.30	0.32
140.40	22.50	22.10	38.80	-2.70	0.32
140.50	22.60	22.10	38.70	-2.40	0.32
140.60	22.60	22.10	38.80	-2.60	0.32
140.70	22.70	22.10	39.00	-2.70	0.32
140.80	22.70	22.10	39.20	-2.70	0.32
140.90	22.70	22.00	38.80	-2.60	0.30
141.00	22.60	22.10	38.80	-2.70	0.27
141.10	22.60	22.10	39.00	-2.10	0.30
141.20	22.60	22.20	39.00	-2.10	0.27
141.30	22.60	22.20	38.80	-2.90	0.25
141.40	22.70	22.20	39.00	-2.90	0.24
141.50	22.70	22.20	39.00	-2.60	0.25
141.60	22.70	22.20	38.10	-2.30	0.25
141.70	22.60	22.10	39.00	-2.60	0.27
141.80	22.60	22.20	38.70	-2.70	0.27
141.90	22.60	22.20	39.00	-2.40	0.25
142.00	22.70	22.20	38.80	-2.90	0.27
142.10	22.70	22.30	39.00	-2.30	0.27
142.20	22.70	22.30	38.80	-2.30	0.21
142.30	22.50	22.20	38.50	-2.40	0.24
142.40	22.50	22.10	38.40	-2.60	0.25
142.50	22.50	22.10	39.00	-2.90	0.24
142.60	22.50	22.10	39.00	-2.70	0.21
142.70	22.50	22.00	39.00	-2.70	0.24
142.80	22.50	22.00	38.50	-2.40	0.25
142.90	22.60	22.10	38.50	-2.30	0.25
143.00	22.60	22.20	38.80	-2.60	0.21
143.10	22.60	22.20	38.80	-2.30	0.24
143.20	22.60	22.10	38.80	-2.70	0.30
143.30	22.70	22.30	39.00	-2.60	0.21
143.40	22.70	22.30	39.20	-2.40	0.24
143.50	22.50	22.10	39.00	-2.40	0.24
143.60	22.70	22.30	39.00	-2.40	0.21
143.70	22.70	22.30	38.50	-2.40	0.24
143.80	22.60	22.20	38.70	-2.60	0.21
143.90	22.70	22.20	38.50	-2.30	0.24
144.00	22.70	22.20	39.00	-2.30	0.25
144.10	22.70	22.20	39.00	-2.60	0.25
144.20	22.70	22.20	38.80	-2.30	0.21
144.30	22.70	22.20	38.70	-2.30	0.21
144.40	22.60	22.10	38.50	-2.70	0.24
144.50	22.60	22.10	38.50	-2.70	0.25
144.60	22.60	22.10	39.20	-2.70	0.25
144.70	22.70	22.10	39.00	-2.40	0.24
144.80	22.70	22.10	38.80	-2.60	0.24
144.90	22.70	22.10	39.20	-1.50	0.24
145.00	22.70	22.30	39.00	-2.70	0.21
145.10	22.70	22.20	38.70	-2.40	0.21
145.20	22.70	22.20	39.00	-2.30	0.24
145.30	22.70	22.20	38.80	-2.30	0.21
145.40	22.70	22.20	38.80	-2.30	0.24
145.50	22.70	22.20	39.30	-2.60	0.25
145.60	22.80	22.30	38.80	-2.30	0.24
145.70	22.80	22.30	38.80	-2.60	0.25
145.80	22.70	22.10	38.80	-3.00	0.27
145.90	22.60	22.10	39.30	-2.60	0.24
146.00	22.60	22.10	39.30	-2.60	0.27
146.10	22.70	22.20	38.80	-2.70	0.24
146.20	22.50	22.00	38.80	-2.40	0.21
146.30	22.50	22.00	38.80	-2.40	0.24
146.40	22.60	22.20	38.70	-2.60	0.24
146.50	22.60	22.00	38.70	-2.60	0.27
146.60	22.60	22.00	38.70	-3.00	0.24
146.70	22.60	22.20	39.00	-2.40	0.24
146.80	22.60	22.10	38.70	-2.10	0.19
146.90	22.60	22.10	39.20	-2.30	0.24
147.00	22.60	22.10	38.80	-2.40	0.21
147.10	22.50	22.20	39.20	-2.40	0.24
147.20	22.50	22.20	39.20	-2.40	0.21
147.30	22.70	22.20	39.20	-2.70	0.21
147.40	22.70	22.20	39.00	-2.30	0.19
147.50	22.60	22.10	39.00	-2.70	0.24
147.60	22.60	22.10	39.20	-2.70	0.24
147.70	22.70	22.20	39.00	-2.30	0.27
147.80	22.70	22.20	38.80	-2.30	0.21
147.90	22.70	22.20	38.80	-2.70	0.17
148.00	22.50	22.20	40.10	-2.30	0.19
148.10	22.60	22.30	40.10	-2.30	0.24
148.20	22.60	22.30	39.20	-2.60	0.24
148.30	22.60	22.30	38.80	-2.60	0.17
148.40	22.70	22.20	38.50	-2.30	0.25
148.50	22.70	22.20	38.70	-2.30	0.21
148.60	22.60	22.20	38.50	-2.60	0.24
148.70	22.70	22.30	39.20	-2.30	0.21
148.80	22.70	22.30	39.00	-2.10	0.21
148.90	22.80	22.30	39.50	-2.30	0.21
149.00	22.60	22.30	39.50	-2.30	0.24
149.10	22.60	22.30	38.80	-2.30	0.21
149.20	22.60	22.30	39.20	-2.90	0.24
149.30	22.60	22.20	39.00	-2.40	0.27
149.40	22.60	22.20	38.70	-2.10	0.21
149.50	22.60	22.20	39.00	-2.60	0.24
149.60	22.50	22.00	39.00	-2.90	0.25
149.70	22.50	22.00	38.80	-2.60	0.24
149.80	22.70	22.20	38.40	-2.30	0.24
149.90	22.40	22.00	38.40	-2.30	0.24
150.00	22.40	22.00	38.70	-2.30	0.24
150.10	22.60	22.20	38.70	-2.10	0.24
150.20	22.60	22.10	39.00	-2.00	0.21
150.30	22.60	22.20	39.30	-2.30	0.17
150.40	22.60	22.20	38.70	-2.30	0.19
150.50	22.60	22.20	39.00	-2.30	0.24
150.60	22.60	22.20	39.00	-2.00	0.17
150.70	22.70	22.30	38.80	-2.60	0.21
150.80	22.60	22.00	38.80	-2.60	0.27
150.90	22.60	22.00	39.60	-2.60	0.24
151.00	22.60	22.10	38.80	-2.30	0.24
151.10	22.70	22.20	39.00	-2.10	0.21
151.20	22.70	22.20	38.50	-2.30	0.21
151.30	22.60	22.20	39.20	-2.60	0.24
151.40	22.60	22.10	38.70	-2.30	0.17
151.50	22.60	22.10	38.80	-2.60	0.24
151.60	22.60	22.20	38.70	-2.70	0.24
151.70	22.60	22.10	38.70	-2.70	0.17
151.80	22.60	22.10	39.00	-2.70	0.25
151.90	22.70	22.30	38.80	-2.40	0.19
152.00	22.60	22.10	38.70	-2.30	0.21
152.10	22.60	22.10	38.70	-2.40	0.21
152.20	22.60	22.20	39.00	-2.60	0.17
152.30	22.60	22.20	38.80	-2.90	0.21
152.40	22.60	22.20	38.70	-2.70	0.24
152.50	22.60	22.20	38.80	-2.60	0.24
152.60	22.50	22.10	38.80	-2.60	0.19
152.70	22.50	22.10	39.20	-2.40	0.19
152.80	22.50	22.20	38.50	-2.60	0.21
152.90	22.60	22.20	38.70	-2.40	0.21
153.00	22.60	22.20	39.30	-2.40	0.19
153.10	22.60	22.20	39.00	-2.60	0.19
153.20	22.60	22.10	38.50	-2.10	0.19
153.30	22.60	22.10	39.90	-2.60	0.19
153.40	22.50	22.30	39.00	-2.10	0.17
153.50	22.60	22.20	39.00	-2.10	0.19
153.60	22.60	22.20	38.80	-2.40	0.17
153.70	22.50	22.10	39.20	-2.70	0.21
153.80	22.50	22.10	38.70	-2.60	0.27
153.90	22.60	22.10	39.00	-2.40	0.25
154.00	22.60	22.10	39.00	-2.60	0.19
154.10	22.60	22.10	38.70	-2.10	0.24
154.20	22.70	22.30	38.70	-2.40	0.21
154.30	22.60	22.10	38.80	-1.50	0.17
154.40	22.60	22.10	38.80	-1.50	0.17
154.50	22.50	22.20	39.20	-2.30	0.19
154.60	22.60	22.30	38.50	-2.70	0.19
154.70	22.60	22.30	38.80	-1.80	0.17
154.80	22.60	22.20	39.00	-2.30	0.19
154.90	22.60	22.30	39.00	-2.40	0.21
155.00	22.60	22.30	39.00	-2.60	0.19
155.10	22.60	22.10	39.00	-2.30	0.17
155.20	22.70	22.20	39.20	-2.10	0.21
155.30	22.70	22.20	39.20	-2.10	0.00
155.40	22.60	22.10	38.70	-2.30	0.00
155.50	22.70	22.30	38.80	-2.40	0.00
155.60	22.60	22.10	38.70	-2.70	0.00
155.70	22.60	22.10	39.30	-1.50	0.00
155.80	22.70	22.20	38.80	-2.30	0.00
155.90	22.60	22.30	39.20	-2.70	0.00
156.00	22.60	22.30	39.20	-2.40	0.00
156.10	22.60	22.20	38.80	-2.40	0.00
156.20	22.60	22.20	39.00	-2.00	0.00
156.30	22.60	22.20	39.00	-2.70	0.00
156.40	22.50	22.30	39.00	-2.30	0.00
156.50	22.50	22.30	39.20	-2.90	0.00
156.60	22.50	22.20	38.70	-2.30	0.00
156.70	22.60	22.20	39.20	-2.70	0.00
156.80	22.60	22.20	39.30	-2.60	0.00
156.90	22.60	22.20	38.50	-2.60	0.00
157.00	22.60	22.20	39.30	-2.30	0.00
157.10	22.60	22.20	38.70	-2.60	0.00
157.20	22.60	22.20	39.00	-2.60	0.00
157.30	22.60	22.20	39.00	-2.10	0.00
157.40	22.60	22.20	38.80	-2.00	0.00
157.50	22.70	22.30	38.70	-2.30	0.00
157.60	22.70	22.30	38.80	-2.10	0.00
157.70	22.70	22.20	39.00	-2.60	0.00
157.80	22.60	22.20	39.00	-1.60	0.00
157.90	22.60	22.20	39.00	-2.30	0.00
158.00	22.60	22.10	38.80	-2.40	0.00
158.10	22.60	22.20	38.70	-2.40	0.00
158.20	22.60	22.20	38.80	-2.30	0.00
158.30	22.60	22.20	38.80	-2.40	0.00
158.40	22.60	22.20	38.70	-2.60	0.00
158.50	22.70	22.20	39.00	-2.30	0.00
158.60	22.70	22.30	39.20	-2.40	0.00
158.70	22.70	22.30	39.20	-1.80	0.00
158.80	22.70	22.30	39.20	-1.80	0.00
158.90	22.60	22.20	38.80	-2.30	0.00
159.00	22.60	22.20	38.80	-2.40	0.00
159.10	22.60	22.20	38.40	-2.40	0.00
159.20	22.60	22.10	39.00	-3.00	0.00
159.30	22.50	22.10	39.00	-2.30	0.00
159.40	22.50	22.10	39.30	-2.60	0.00
159.50	22.70	22.10	39.00	-2.70	0.00
159.60	22.70	22.10	38.80	-2.70	0.00
159.70	22.70	22.30	38.80	-2.70	0.00
159.80	22.60	22.10	39.00	-2.30	0.00
159.90	22.70	22.20	38.80	-2.30	0.00
160.00	22.70	22.20	38.80	-2.30	0.00
160.10	22.60	22.20	38.70	-2.60	0.00
160.20	22.60	22.20	39.00	-2.60	0.00
160.30	22.60	22.20	39.00	-2.40	0.00
160.40	22.60	22.20	38.80	-2.60	0.00
160.50	22.70	22.10	38.80	-2.10	0.00
160.60	22.70	22.10	38.80	-2.10	0.00
160.70	22.60	22.20	38.70	-2.40	0.00
160.80	22.60	22.20	39.00	-2.30	0.00
160.90	22.60	22.20	38.50	-2.30	0.00
161.00	22.60	22.20	39.20	-2.30	0.00
161.10	22.60	22.30	39.00	-2.40	0.00
161.20	22.60	22.30	39.00	-2.00	0.00
161.30	22.70	22.20	38.80	-2.60	0.00
161.40	22.60	22.10	39.00	-2.00	0.00
161.50	22.60	22.10	39.00	-2.00	0.00
161.60	22.70	22.20	38.80	-2.90	0.00
161.70	22.70	22.20	39.00	-2.60	0.00
161.80	22.60	22.20	38.80	-2.10	0.00
161.90	22.60	22.20	39.00	-2.60	0.00
162.00	22.60	22.20	38.40	-2.60	0.00
162.10	22.70	22.20	38.80	-2.60	0.00
162.20	22.60	22.10	39.20	-2.10	0.00
162.30	22.60	22.10	39.00	-2.60	0.00
162.40	22.50	22.10	39.00	-2.60	0.00
162.50	22.60	22.20	38.80	-2.40	0.00
162.60	22.60	22.20	38.80	-2.60	0.00
162.70	22.60	22.30	38.70	-2.90	0.00
162.80	22.70	22.30	38.80	-2.40	0.00
162.90	22.70	22.30	38.70	-2.60	0.00
163.00	22.60	22.20	38.80	-2.70	0.00
163.10	22.60	22.20	39.80	-2.90	0.00
163.20	22.60	22.20	38.70	-2.40	0.00
163.30	22.60	22.10	38.70	-2.40	0.00
163.40	22.50	22.10	38.40	-2.70	0.00
163.50	22.50	22.10	39.30	-2.40	0.00
163.60	22.50	22.10	38.80	-2.60	0.00
163.70	22.50	22.10	39.00	-2.30	0.00
163.80	22.50	22.10	39.00	-2.40	0.00
163.90	22.60	22.20	38.70	-2.40	0.00
164.00	22.50	22.20	38.80	-2.40	0.00
164.10	22.50	22.20	38.40	-2.60	0.00
164.20	22.60	22.30	38.40	-2.60	0.00
164.30	22.60	22.30	38.40	-2.30	0.00
164.40	22.60	22.30	36.50	-2.30	0.00
164.50	22.60	22.30	38.70	-2.60	0.00
164.60	22.70	22.30	39.00	-2.30	0.00
164.70	22.70	22.30	38.80	-2.70	0.00
164.80	22.50	22.10	39.00	-2.10	0.00
164.90	22.60	22.20	38.80	-2.60	0.00
165.00	22.60	22.20	39.00	-2.60	0.00
165.10	22.60	22.10	39.00	-2.60	0.00
165.20	22.60	22.10	39.00	-2.70	0.00
165.30	22.50	22.30	38.80	-2.40	0.00
165.40	22.50	22.10	39.00	-2.40	0.00
165.50	22.70	22.20	39.00	-2.90	0.00
165.60	22.70	22.20	39.00	-2.10	0.00
165.70	22.70	22.30	39.20	-2.40	0.00
165.80	22.60	22.10	39.00	-2.40	0.00
165.90	22.60	22.10	38.70	-3.00	0.00
166.00	22.60	22.20	39.20	-2.30	0.00
166.10	22.60	22.10	39.00	-2.40	0.00
166.20	22.60	22.10	39.20	-2.30	0.00
166.30	22.70	22.20	39.00	-2.40	0.00
166.40	22.70	22.20	38.50	-2.00	0.00
166.50	22.70	22.20	38.70	-2.40	0.00
166.60	22.50	22.10	38.80	-2.10	0.00
166.70	22.50	22.10	39.20	-2.10	0.00
166.80	22.60	22.10	39.20	-2.10	0.00
166.90	22.60	22.20	39.20	-1.80	0.00
167.00	22.60	22.20	38.80	-2.40	0.00
167.10	22.50	22.20	38.80	-2.10	0.00
167.20	22.60	22.10	39.00	-2.70	0.00
167.30	22.60	22.10	39.00	-2.60	0.00
167.40	22.60	22.10	39.30	-2.30	0.00
167.50	22.60	22.20	38.80	-2.10	0.00
167.60	22.60	22.20	39.20	-2.30	0.00
167.70	22.60	22.20	39.20	-2.30	0.00
167.80	22.60	22.20	37.30	-2.60	0.00
167.90	22.60	22.10	38.80	-2.10	0.00
168.00	22.50	22.20	38.70	-2.40	0.00
168.10	22.60	22.20	39.00	-2.60	0.00
168.20	22.60	22.20	39.50	-2.40	0.00
168.30	22.60	22.20	38.70	-2.90	0.00
168.40	22.60	22.20	38.70	-2.30	0.00
168.50	22.60	22.20	38.10	-2.10	0.00
168.60	22.60	22.20	38.10	-2.10	0.00
168.70	22.60	22.20	38.80	-2.30	0.00
168.80	22.60	22.20	38.50	-2.10	0.00
168.90	22.60	22.20	39.20	-2.60	0.00
169.00	22.50	22.10	39.30	-2.40	0.00
169.10	22.50	22.10	39.20	-2.60	0.00
169.20	22.60	22.30	38.80	-2.30	0.00
169.30	22.60	22.20	39.20	-2.40	0.00
169.40	22.60	22.20	39.20	-2.10	0.00
169.50	22.60	22.30	39.20	-2.10	0.00
169.60	22.50	22.20	39.20	-2.30	0.00
169.70	22.50	22.20	39.00	-2.70	0.00
169.80	22.50	22.20	39.00	-2.30	0.00
169.90	22.70	22.20	39.20	-2.30	0.00
170.00	22.70	22.20	39.00	-2.30	0.00
170.10	22.60	22.30	39.00	-2.40	0.00
170.20	22.50	22.20	39.50	-2.40	0.00
170.30	22.50	22.20	38.80	-2.40	0.00
170.40	22.60	22.20	38.80	-2.40	0.00
170.50	22.70	22.30	39.20	-2.40	0.00
170.60	22.60	22.20	38.50	-2.10	0.00
170.70	22.60	22.20	39.20	-2.40	0.00
170.80	22.60	22.20	38.70	-2.70	0.00
170.90	22.60	22.20	39.00	-2.30	0.00
171.00	22.70	22.20	39.00	-2.60	0.00
171.10	22.60	22.20	38.70	-2.40	0.00
171.20	22.50	22.10	38.80	-2.40	0.00
171.30	22.50	22.10	38.80	-2.40	0.00
171.40	22.50	22.30	39.00	-2.30	0.00
171.50	22.50	22.30	38.80	-2.30	0.00
171.60	22.40	22.20	38.20	-2.40	0.00
171.70	22.70	22.20	38.70	-2.60	0.00
171.80	22.70	22.20	38.80	-2.60	0.00
171.90	22.50	22.10	39.20	-2.60	0.00
172.00	22.70	22.30	38.80	-2.40	0.00
172.10	22.70	22.30	38.40	-2.40	0.00
172.20	22.50	22.10	38.40	-2.40	0.00
172.30	22.50	22.30	39.20	-2.40	0.00
172.40	22.50	22.30	38.70	-2.40	0.00
172.50	22.60	22.30	38.80	-2.30	0.00
172.60	22.70	22.20	38.70	-2.90	0.00
172.70	22.70	22.20	38.80	-2.60	0.00
172.80	22.50	22.30	38.80	-2.40	0.00
172.90	22.70	22.20	39.20	-2.60	0.00
173.00	22.60	22.30	38.80	-2.30	0.00
173.10	22.60	22.30	38.80	-2.30	0.00
173.20	22.70	22.20	38.80	-2.70	0.00
173.30	22.70	22.20	39.00	-2.40	0.00
173.40	22.60	22.10	39.00	-2.60	0.00
173.50	22.70	22.20	39.20	-2.70	0.00
173.60	22.70	22.20	39.00	-2.60	0.00
173.70	22.50	22.20	39.00	-2.30	0.00
173.80	22.70	22.30	38.80	-2.90	0.00
173.90	22.70	22.30	38.20	-2.10	0.00
174.00	22.60	22.30	38.20	-2.10	0.00
174.10	22.50	22.20	38.70	-2.60	0.00
174.20	22.50	22.10	39.00	-2.70	0.00
174.30	22.50	22.10	38.80	-2.30	0.00
174.40	22.60	22.30	39.00	-2.60	0.00
174.50	22.60	22.30	39.00	-2.30	0.00
174.60	22.60	22.10	39.20	-2.60	0.00
174.70	22.50	22.20	38.80	-2.60	0.00
174.80	22.50	22.20	39.00	-2.70	0.00
174.90	22.60	22.20	39.00	-2.70	0.00
175.00	22.60	22.20	39.20	-2.30	0.00
175.10	22.60	22.20	39.00	-2.60	0.00
175.20	22.60	22.30	38.80	-2.30	0.00
175.30	22.60	22.30	38.70	-2.70	0.00
175.40	22.60	22.20	39.00	-2.40	0.00
175.50	22.60	22.20	38.80	-2.60	0.00
175.60	22.60	22.20	39.00	-2.70	0.00
175.70	22.50	22.30	39.20	-2.00	0.00
175.80	22.50	22.20	38.70	-2.60	0.00
175.90	22.50	22.20	39.00	-2.40	0.00
176.00	22.60	22.30	39.00	-2.60	0.00
176.10	22.60	22.30	38.80	-2.10	0.00
176.20	22.60	22.30	38.70	-2.40	0.00
176.30	22.60	22.30	39.00	-2.30	0.00
176.40	22.70	22.40	39.00	-2.40	0.00
176.50	22.70	22.40	38.70	-2.30	0.00
176.60	22.50	22.30	38.70	-2.30	0.00
176.70	22.70	22.30	39.00	-2.00	0.00
176.80	22.60	22.20	38.80	-2.60	0.00
176.90	22.60	22.20	39.00	-2.30	0.00
177.00	22.70	22.20	38.50	-2.30	0.00
177.10	22.70	22.20	39.30	-3.30	0.00
177.20	22.70	22.20	39.20	-2.40	0.00
177.30	22.50	22.30	38.50	-2.30	0.00
177.40	22.50	22.30	38.80	-1.80	0.00
177.50	22.70	22.20	38.80	-1.80	0.00
177.60	22.50	22.30	39.00	-2.30	0.00
177.70	22.50	22.10	39.30	-2.60	0.00
177.80	22.50	22.10	39.20	-3.00	0.00
177.90	22.70	22.30	39.30	-2.40	0.00
178.00	22.50	22.20	39.20	-2.30	0.00
178.10	22.50	22.20	39.00	-2.60	0.00
178.20	22.70	22.20	39.20	-2.60	0.00
178.30	22.60	22.30	39.00	-2.60	0.00
178.40	22.60	22.30	39.00	-2.60	0.00
178.50	22.50	22.20	38.80	-2.60	0.00
178.60	22.70	22.30	39.00	-2.30	0.00
178.70	22.70	22.30	38.70	-4.90	0.00
178.80	22.50	22.30	39.20	-2.70	0.00
178.90	22.60	22.20	38.80	-2.30	0.00
179.00	22.60	22.20	39.30	-2.40	0.00
179.10	22.60	22.20	38.70	-2.70	0.00
179.20	22.60	22.20	37.90	-2.60	0.00
179.30	22.60	22.20	37.90	-2.60	0.00
179.40	22.70	22.20	39.00	-2.30	0.00
179.50	22.70	22.20	39.00	-2.40	0.00
179.60	22.60	22.20	39.20	-2.60	0.00
179.70	22.60	22.20	39.30	-2.60	0.00
179.80	22.60	22.20	39.00	-2.10	0.00
179.90	22.70	22.30	39.00	-2.00	0.00
180.00	22.60	22.20	39.00	-2.40	0.00
180.10	22.60	22.20	38.50	-2.10	0.00
180.20	22.50	22.20	38.50	-2.10	0.00
180.30	22.50	22.20	39.20	-2.60	0.00
180.40	22.50	22.20	38.80	-2.30	0.00
180.50	22.60	22.20	39.20	-2.60	0.00
180.60	22.50	22.10	39.30	-2.70	0.00
180.70	22.50	22.10	38.80	-2.60	0.00
180.80	22.60	22.10	39.00	-2.60	0.00
180.90	22.70	22.20	38.80	-2.30	0.00
181.00	22.70	22.20	39.20	-2.30	0.00
181.10	22.50	22.30	39.20	-2.30	0.00
181.20	22.50	22.30	38.80	-2.70	0.00
181.30	22.50	22.20	38.70	-2.90	0.00
181.40	22.60	22.20	38.70	-2.70	0.00
181.50	22.60	22.20	38.80	-2.10	0.00
181.60	22.60	22.30	38.70	-2.30	0.00
181.70	22.60	22.20	38.80	-2.30	0.00
181.80	22.60	22.20	39.20	-3.00	0.00
181.90	22.70	22.20	38.80	-2.30	0.00
182.00	22.60	22.40	38.80	-2.30	0.00
182.10	22.60	22.40	38.70	-2.90	0.00
182.20	22.60	22.20	38.80	-2.60	0.00
182.30	22.60	22.30	38.70	-2.40	0.00
182.40	22.60	22.30	38.70	-2.30	0.00
182.50	22.70	22.30	38.80	-2.40	0.00
182.60	22.60	22.10	38.80	-2.40	0.00
182.70	22.60	22.10	38.50	-2.10	0.00
182.80	22.60	22.20	39.00	-2.30	0.00
182.90	22.50	22.20	39.00	-2.60	0.00
183.00	22.50	22.20	38.70	-2.40	0.00
183.10	22.70	22.20	38.80	-2.40	0.00
183.20	22.60	22.20	38.80	-2.10	0.00
183.30	22.60	22.20	38.80	-2.40	0.00
183.40	22.70	22.30	39.00	-2.60	0.00
183.50	22.50	22.10	38.50	-2.70	0.00
183.60	22.50	22.10	38.70	-2.40	0.00
183.70	22.60	22.30	38.70	-2.40	0.00
183.80	22.60	22.30	39.00	-2.00	0.00
183.90	22.60	22.30	39.00	-2.30	0.00
184.00	22.70	22.30	38.80	-2.70	0.00
184.10	22.70	22.30	38.80	-2.40	0.00
184.20	22.60	22.30	38.50	-2.60	0.00
184.30	22.60	22.20	38.70	-2.40	0.00
184.40	22.60	22.20	38.50	-2.70	0.00
184.50	22.60	22.20	38.80	-2.40	0.00
184.60	22.60	22.20	38.80	-2.40	0.00
184.70	22.60	22.20	38.70	-2.60	0.00
184.80	22.60	22.20	38.50	-2.40	0.00
184.90	22.50	22.10	38.80	-2.90	0.00
185.00	22.60	22.30	39.00	-2.40	0.00
185.10	22.60	22.30	38.70	-3.00	0.00
185.20	22.70	22.30	39.00	-2.40	0.00
185.30	22.70	22.30	39.20	-2.30	0.00
185.40	22.60	22.20	38.10	-2.30	0.00
185.50	22.70	22.20	38.10	-2.30	0.00
185.60	22.70	22.20	39.00	-2.60	0.00
185.70	22.60	22.20	38.70	-2.40	0.00
185.80	22.60	22.40	39.00	-2.70	0.00
185.90	22.70	22.30	38.80	-2.40	0.00
186.00	22.70	22.30	38.80	-2.90	0.00
186.10	22.80	22.40	38.80	-2.30	0.00
186.20	22.80	22.40	39.20	-2.60	0.00
186.30	22.60	22.30	39.00	-2.60	0.00
186.40	22.50	22.10	39.00	-2.60	0.00
186.50	22.60	22.20	38.70	-2.70	0.00
186.60	22.60	22.20	38.50	-3.00	0.00
186.70	22.70	22.20	39.20	-2.40	0.00
186.80	22.70	22.30	39.00	-2.10	0.00
186.90	22.70	22.30	39.00	-2.70	0.00
187.00	22.60	22.10	39.20	-2.10	0.00
187.10	22.70	22.20	38.50	-2.40	0.00
187.20	22.70	22.20	38.80	-2.70	0.00
187.30	22.50	22.20	38.80	-2.70	0.00
187.40	22.50	22.20	39.20	-3.20	0.00
187.50	22.50	22.20	38.80	-2.30	0.00
187.60	22.70	22.30	39.00	-2.60	0.00
187.70	22.60	22.30	38.70	-2.30	0.00
187.80	22.60	22.30	38.50	-2.40	0.00
187.90	22.70	22.20	38.80	-2.40	0.00
188.00	22.70	22.20	39.00	-2.70	0.00
188.10	22.50	22.30	39.20	-2.30	0.00
188.20	22.60	22.30	39.20	-2.30	0.00
188.30	22.60	22.30	38.70	-2.70	0.00
188.40	22.50	22.20	39.20	-2.70	0.00
188.50	22.70	22.30	38.70	-2.60	0.00
188.60	22.60	22.20	39.00	-2.10	0.00
188.70	22.60	22.20	39.00	-1.60	0.00
188.80	22.50	22.20	39.30	-2.60	0.00
188.90	22.50	22.20	39.50	-2.40	0.00
189.00	22.50	22.20	38.80	-2.90	0.00
189.10	22.60	22.20	38.80	-2.90	0.00
189.20	22.60	22.20	38.80	-2.60	0.00
189.30	22.60	22.10	39.00	-2.10	0.00
189.40	22.50	22.10	39.00	-2.10	0.00
189.50	22.50	22.10	39.30	-2.40	0.00
189.60	22.50	22.20	39.00	-2.10	0.00
189.70	22.60	22.20	39.00	-2.30	0.00
189.80	22.60	22.30	38.80	-2.30	0.00
189.90	22.60	22.30	38.80	-2.90	0.00
190.00	22.60	22.20	38.80	-2.90	0.00
190.10	22.50	22.10	38.50	-2.70	0.00
190.20	22.50	22.10	39.80	-2.70	0.00
190.30	22.60	22.30	38.50	-2.30	0.00
190.40	22.70	22.20	38.70	-2.60	0.00
190.50	22.70	22.20	38.70	-2.10	0.00
190.60	22.60	22.20	39.00	-2.10	0.00
190.70	22.50	22.20	38.70	-2.40	0.00
190.80	22.50	22.20	39.50	-2.40	0.00
190.90	22.70	22.30	39.50	-2.40	0.00
191.00	22.60	22.20	38.70	-1.80	0.00
191.10	22.60	22.20	38.70	-2.30	0.00
191.20	22.70	22.30	38.70	-2.60	0.00
191.30	22.50	22.20	38.40	-2.30	0.00
191.40	22.50	22.20	39.00	-2.00	0.00
191.50	22.50	22.20	38.50	-2.30	0.00
191.60	22.50	22.20	39.00	-2.30	0.00
191.70	22.60	22.20	38.70	-2.10	0.00
191.80	22.60	22.20	38.70	-2.10	0.00
191.90	22.50	22.20	39.00	-2.30	0.00
192.00	22.50	22.20	39.00	-2.40	0.00
192.10	22.50	22.20	39.50	-2.90	0.00
192.20	22.60	22.10	38.70	-2.10	0.00
192.30	22.60	22.10	38.70	-2.10	0.00
192.40	22.60	22.20	39.00	-2.40	0.00
192.50	22.70	22.30	38.80	-2.60	0.00
192.60	22.70	22.30	38.80	-2.30	0.00
192.70	22.50	22.20	38.80	-2.30	0.00
192.80	22.50	22.10	39.00	-2.30	0.00
192.90	22.60	22.20	38.70	-2.10	0.00
193.00	22.60	22.20	39.00	-2.40	0.00
193.10	22.50	22.20	38.70	-2.60	0.00
193.20	22.50	22.20	39.00	-2.10	0.00
193.30	22.50	22.10	38.50	-2.40	0.00
193.40	22.50	22.20	38.80	-2.10	0.00
193.50	22.50	22.20	39.00	-2.30	0.00
193.60	22.50	22.20	39.00	-2.30	0.00
193.70	22.60	22.20	38.70	-2.70	0.00
193.80	22.60	22.20	39.20	-2.10	0.00
193.90	22.60	22.20	38.80	-2.60	0.00
194.00	22.70	22.20	39.00	-2.60	0.00
194.10	22.70	22.20	38.70	-2.10	0.00
194.20	22.50	22.20	38.70	-2.90	0.00
194.30	22.50	22.10	38.80	-2.60	0.00
194.40	22.50	22.10	38.80	-2.90	0.00
194.50	22.50	22.20	38.80	-2.90	0.00
194.60	22.50	22.20	39.00	-2.10	0.00
194.70	22.50	22.20	39.30	-2.00	0.00
194.80	22.50	22.10	39.20	-2.30	0.00
194.90	22.70	22.30	39.20	-2.30	0.00
195.00	22.60	22.20	38.80	-2.70	0.00
195.10	22.60	22.20	38.70	-2.10	0.00
195.20	22.50	22.20	39.20	-2.40	0.00
195.30	22.60	22.20	39.20	-2.40	0.00
195.40	22.60	22.20	39.00	-2.40	0.00
195.50	22.50	22.10	38.20	-2.60	0.00
195.60	22.50	22.10	38.70	-2.40	0.00
195.70	22.60	22.20	39.30	-2.30	0.00
195.80	22.50	22.20	38.80	-2.40	0.00
195.90	22.50	22.20	39.00	-2.10	0.00
196.00	22.50	22.10	38.50	-2.60	0.00
196.10	22.50	22.10	39.00	-2.30	0.00
196.20	22.50	22.30	39.00	-2.30	0.00
196.30	22.60	22.20	38.80	-2.10	0.00
196.40	22.60	22.20	39.00	-2.40	0.00
196.50	22.60	22.30	38.40	-2.60	0.00
196.60	22.70	22.30	39.00	-2.10	0.00
196.70	22.70	22.30	39.00	-2.70	0.00
196.80	22.50	22.10	38.80	-2.10	0.00
196.90	22.60	22.30	39.00	-2.30	0.00
197.00	22.60	22.30	39.00	-2.40	0.00
197.10	22.50	22.30	39.00	-2.40	0.00
197.20	22.60	22.50	38.70	-2.40	0.00
197.30	22.60	22.50	39.00	-2.30	0.00
197.40	22.60	22.20	38.80	-2.60	0.00
197.50	22.70	22.20	39.00	-2.60	0.00
197.60	22.70	22.20	38.70	-2.60	0.00
197.70	22.60	22.20	38.70	-2.30	0.00
197.80	22.50	22.40	38.70	-2.70	0.00
197.90	22.50	22.40	39.20	-4.60	0.00
198.00	22.50	22.20	39.20	-4.60	0.00
198.10	22.50	22.20	38.80	-2.10	0.00
198.20	22.50	22.20	39.00	-2.60	0.00
198.30	22.50	22.10	38.80	-2.90	0.00
198.40	22.70	22.20	39.20	-2.40	0.00
198.50	22.70	22.20	39.00	-2.30	0.00
198.60	22.50	22.30	38.50	-2.40	0.00
198.70	22.50	22.20	38.70	-2.10	0.00
198.80	22.50	22.20	39.20	-2.90	0.00
198.90	22.60	22.10	39.20	-2.90	0.00
199.00	22.70	22.20	38.70	-2.40	0.00
199.10	22.70	22.20	39.00	-2.30	0.00
199.20	22.60	22.30	38.80	-2.10	0.00
199.30	22.50	22.30	38.70	-2.00	0.00
199.40	22.50	22.30	38.80	-2.40	0.00
199.50	22.60	22.20	39.20	-4.10	0.00
199.60	22.50	22.00	38.80	-2.10	0.00
199.70	22.50	22.00	39.30	-2.40	0.00
199.80	22.50	22.10	39.30	-2.40	0.00
199.90	22.50	22.10	39.20	-2.40	0.00
200.00	22.50	22.10	39.00	-2.70	0.00
200.10	22.50	22.10	39.00	-3.00	0.00
200.20	22.50	22.40	38.20	-2.40	0.00
200.30	22.50	22.40	39.20	-2.40	0.00
200.40	22.70	22.30	39.00	-2.10	0.00
200.50	22.60	22.20	38.70	-2.40	0.00
200.60	22.60	22.20	39.00	-2.40	0.00
200.70	22.60	22.20	39.00	-2.40	0.00
200.80	22.60	22.20	38.80	-2.70	0.00
200.90	22.50	22.20	38.50	-2.60	0.00
201.00	22.50	22.20	38.70	-2.30	0.00
201.10	22.50	22.20	38.80	-2.40	0.00
201.20	22.50	22.20	39.50	-2.40	0.00
201.30	22.40	22.20	39.20	-2.40	0.00
201.40	22.40	22.20	37.00	-2.40	0.00
201.50	22.60	22.30	39.30	-1.50	0.00
201.60	22.60	22.20	38.70	-2.40	0.00
201.70	22.60	22.20	38.70	-2.70	0.00
201.80	22.50	22.30	38.40	-2.60	0.00
201.90	22.50	22.30	38.40	-2.30	0.00
202.00	22.50	22.20	39.00	-2.30	0.00
202.10	22.50	22.30	38.50	-2.40	0.00
202.20	22.50	22.30	38.70	-2.10	0.00
202.30	22.60	22.30	38.80	-2.30	0.00
202.40	22.60	22.30	38.80	-2.30	0.00
202.50	22.60	22.20	38.50	-2.00	0.00
202.60	22.70	22.30	38.50	-2.70	0.00
202.70	22.70	22.30	38.70	-2.10	0.00
202.80	22.70	22.20	38.20	-2.60	0.00
202.90	22.70	22.20	38.40	-2.30	0.00
203.00	22.60	22.20	39.00	-2.30	0.00
203.10	22.60	22.20	38.70	-4.30	0.00
203.20	22.60	22.20	38.70	-2.60	0.00
203.30	22.60	22.30	38.70	-2.60	0.00
203.40	22.60	22.30	39.00	-2.40	0.00
203.50	22.70	22.30	38.70	-2.60	0.00
203.60	22.70	22.30	38.70	-1.80	0.00
203.70	22.50	22.20	38.70	-2.30	0.00
203.80	22.60	22.30	38.20	-2.60	0.00
203.90	22.60	22.30	38.50	-2.70	0.00
204.00	22.70	22.30	39.20	-1.60	0.00
204.10	22.50	22.20	38.50	-2.30	0.00
204.20	22.50	22.20	38.50	-2.30	0.00
204.30	22.50	22.20	38.80	-2.40	0.00
204.40	22.70	22.20	39.00	-2.30	0.00
204.50	22.70	22.20	38.70	-2.10	0.00
204.60	22.70	22.20	39.00	-2.30	0.00
204.70	22.60	22.10	38.70	-2.60	0.00
204.80	22.60	22.10	39.20	-2.40	0.00
204.90	22.50	22.10	38.50	-2.40	0.00
205.00	22.60	22.30	38.80	-2.40	0.00
205.10	22.60	22.30	38.80	-2.40	0.00
205.20	22.60	22.20	37.00	-2.60	0.00
205.30	22.50	22.20	39.30	-2.10	0.00
205.40	22.50	22.20	38.80	-2.30	0.00
205.50	22.40	22.00	39.00	-2.00	0.00
205.60	22.50	22.30	38.80	-2.70	0.00
205.70	22.50	22.30	39.00	-2.60	0.00
205.80	22.50	22.20	39.00	-2.70	0.00
205.90	22.50	22.20	38.80	-2.40	0.00
206.00	22.50	22.20	38.80	-2.40	0.00
206.10	22.50	22.20	38.80	-2.40	0.00
206.20	22.50	22.20	39.00	-2.40	0.00
206.30	22.50	22.20	39.00	-2.40	0.00
206.40	22.70	22.20	38.70	-2.40	0.00
206.50	22.50	22.20	38.80	-2.30	0.00
206.60	22.60	22.30	39.00	-2.40	0.00
206.70	22.60	22.30	39.00	-2.90	0.00
206.80	22.70	22.20	38.70	-2.10	0.00
206.90	22.70	22.20	38.70	-2.10	0.00
207.00	22.50	22.20	38.80	-2.60	0.00
207.10	22.50	22.20	39.00	-2.60	0.00
207.20	22.50	22.10	39.50	-2.60	0.00
207.30	22.50	22.10	39.20	-2.70	0.00
207.40	22.60	22.30	39.00	-2.70	0.00
207.50	22.60	22.20	38.80	-2.60	0.00
207.60	22.60	22.20	39.20	-2.40	0.00
207.70	22.50	22.20	38.80	-2.10	0.00
207.80	22.50	22.20	37.90	-2.30	0.00
207.90	22.60	22.30	38.80	-2.40	0.00
208.00	22.60	22.20	38.80	-2.60	0.00
208.10	22.60	22.20	39.00	-2.10	0.00
208.20	22.60	22.30	39.00	-2.90	0.00
208.30	22.60	22.30	38.80	-2.30	0.00
208.40	22.60	22.30	38.80	-2.60	0.00
208.50	22.60	22.20	38.70	-2.30	0.00
208.60	22.50	22.30	38.70	-2.30	0.00
208.70	22.50	22.30	38.70	-2.40	0.00
208.80	22.70	22.30	39.00	-2.10	0.00
208.90	22.50	22.20	39.00	-2.30	0.00
209.00	22.50	22.20	39.20	-2.30	0.00
209.10	22.60	22.30	38.80	-2.40	0.00
209.20	22.60	22.30	39.00	-2.10	0.00
209.30	22.60	22.30	39.00	-2.10	0.00
209.40	22.70	22.30	39.00	-2.60	0.00
209.50	22.60	22.20	39.00	-2.60	0.00
209.60	22.60	22.20	39.00	-2.40	0.00
209.70	22.60	22.20	39.60	-2.10	0.00
209.80	22.40	22.20	38.80	-2.90	0.00
209.90	22.40	22.20	39.00	-2.30	0.00
210.00	22.60	22.20	39.00	-2.40	0.00
210.10	22.40	22.20	38.70	-2.70	0.00
210.20	22.40	22.20	39.00	-4.40	0.00
210.30	22.70	22.30	38.70	-2.30	0.00
210.40	22.70	22.30	38.70	-2.30	0.00
210.50	22.70	22.30	33.00	7.90	0.00
210.60	20.70	31.70	29.30	14.80	0.00
210.70	18.00	35.70	26.70	18.80	0.00
210.80	18.00	35.70	24.20	23.60	0.00
210.90	16.10	36.00	24.20	23.90	0.00
211.00	15.40	35.70	23.90	24.10	0.00
211.10	15.40	35.70	23.90	24.20	0.00
211.20	15.20	35.20	24.20	24.40	0.00
211.30	15.20	33.40	24.20	24.40	0.00
211.40	15.20	33.40	24.40	24.70	0.00
211.50	15.20	31.90	24.40	24.80	0.00
211.60	15.40	31.30	24.70	24.40	0.00
211.70	15.40	31.30	24.80	24.20	0.00
211.80	16.00	30.30	24.20	25.00	0.00
211.90	16.50	30.30	24.50	24.50	0.00
212.00	16.50	30.30	25.30	24.50	0.00
212.10	16.50	29.50	24.80	24.80	0.00
212.20	17.30	29.50	24.80	24.80	0.00
212.30	17.30	29.50	24.20	25.10	0.00
212.40	17.30	29.30	24.70	24.80	0.00
212.50	17.90	29.00	25.00	25.00	0.00
212.60	17.90	29.00	24.40	24.70	0.00
212.70	17.70	29.10	25.10	25.00	0.00
212.80	18.40	28.70	25.40	25.50	0.00
212.90	18.40	28.70	24.80	24.80	0.00
213.00	18.20	28.50	25.30	25.10	0.00
213.10	18.70	28.10	25.30	25.10	0.00
213.20	18.80	28.10	25.00	25.30	0.00
213.30	18.80	28.10	25.00	25.10	0.00
213.40	18.90	27.90	24.70	25.50	0.00
213.50	19.00	27.90	24.80	25.30	0.00
213.60	19.00	27.90	24.80	25.60	0.00
213.70	19.20	27.60	24.50	25.30	0.00
213.80	19.60	27.50	25.30	25.50	0.00
213.90	19.60	27.50	25.10	25.60	0.00
214.00	19.40	27.40	25.10	25.60	0.00
214.10	19.50	27.20	25.30	24.80	0.00
214.20	19.50	27.20	25.10	25.10	0.00
214.30	19.80	27.20	24.80	25.50	0.00
214.40	20.00	27.30	25.10	25.60	0.00
214.50	20.00	27.30	25.30	25.10	0.00
214.60	19.80	27.20	25.40	25.30	0.00
214.70	19.90	27.20	25.60	25.50	0.00
214.80	19.90	27.20	25.10	25.30	0.00
214.90	20.40	27.90	25.10	25.30	0.00
215.00	20.10	28.50	24.80	25.30	0.00
215.10	20.10	28.50	25.10	25.50	0.00
215.20	20.40	28.70	24.80	25.50	0.00
215.30	20.60	28.80	25.10	25.30	0.00
215.40	20.60	28.80	25.00	24.80	0.00
215.50	20.20	28.70	24.70	24.80	0.00
215.60	20.80	29.10	25.00	25.80	0.00
215.70	20.80	29.10	25.10	25.10	0.00
215.80	20.20	29.00	25.10	25.10	0.00
215.90	20.70	29.10	25.10	24.80	0.00
216.00	20.70	29.10	25.40	24.40	0.00
216.10	20.30	28.70	25.30	25.30	0.00
216.20	20.70	28.60	25.30	25.10	0.00
216.30	20.70	28.60	25.10	25.10	0.00
216.40	20.80	28.50	23.60	25.00	0.00
216.50	20.70	28.40	25.00	25.00	0.00
216.60	20.70	28.40	25.10	25.30	0.00
216.70	21.00	28.40	25.30	25.00	0.00
216.80	20.90	28.40	25.10	25.30	0.00
216.90	20.90	28.40	25.60	25.30	0.00
217.00	20.90	28.60	25.10	25.50	0.00
217.10	20.90	28.60	25.00	25.10	0.00
217.20	21.10	28.50	24.70	25.10	0.00
217.30	21.20	28.60	25.30	24.80	0.00
217.40	21.20	28.60	25.30	26.20	0.00
217.50	20.70	28.50	25.30	26.20	0.00
217.60	21.10	28.50	25.30	25.00	0.00
217.70	21.10	28.50	24.80	25.30	0.00
217.80	20.80	28.40	25.00	25.00	0.00
217.90	20.80	28.40	24.80	25.10	0.00
218.00	21.00	28.00	25.00	25.00	0.00
218.10	21.10	28.20	25.40	25.00	0.00
218.20	21.10	28.20	25.30	24.70	0.00
218.30	20.90	28.40	25.00	25.60	0.00
218.40	21.00	28.40	25.00	25.60	0.00
218.50	21.00	28.40	25.60	25.00	0.00
218.60	21.00	28.40	24.80	25.10	0.00
218.70	21.00	28.40	25.10	24.80	0.00
218.80	21.00	28.40	26.10	24.70	0.00
218.90	20.90	28.40	25.10	25.00	0.00
219.00	20.80	28.10	24.40	25.00	0.00
219.10	20.80	28.10	25.10	25.50	0.00
219.20	20.90	28.10	24.80	24.80	0.00
219.30	21.30	27.70	24.80	24.80	0.00
219.40	21.30	27.70	25.00	24.80	0.00
219.50	21.40	27.80	24.70	25.00	0.00
219.60	21.10	27.70	25.30	25.00	0.00
219.70	21.10	27.70	24.80	25.00	0.00
219.80	21.00	27.80	25.30	25.00	0.00
219.90	21.00	27.50	25.00	24.80	0.00
220.00	21.00	27.50	24.70	25.30	0.00
220.10	21.10	27.50	25.30	25.00	0.00
220.20	21.00	27.30	25.30	25.00	0.00
220.30	21.00	27.30	25.10	25.10	0.00
220.40	21.20	27.30	25.00	24.70	0.00
220.50	21.40	27.10	24.50	25.10	0.00
220.60	21.40	27.10	25.10	23.00	0.00
220.70	21.30	27.00	24.70	24.80	0.00
220.80	21.00	27.00	25.10	25.00	0.00
220.90	21.00	27.00	24.70	24.80	0.00
221.00	21.50	27.30	24.70	24.80	0.00
221.10	21.10	27.00	24.70	24.80	0.00
221.20	21.20	27.20	25.00	25.30	0.00
221.30	21.20	27.20	24.80	25.00	0.00
221.40	21.50	27.30	24.70	24.80	0.00
221.50	21.50	27.20	24.80	25.30	0.00
221.60	21.50	27.20	25.00	25.50	0.00
221.70	21.10	26.90	24.80	25.00	0.00
221.80	21.10	26.90	24.80	24.80	0.00
221.90	21.40	26.90	25.10	24.80	0.00
222.00	21.50	27.00	25.10	24.80	0.00
222.10	21.50	26.80	25.10	24.80	0.00
222.20	21.50	26.80	24.80	25.10	0.00
222.30	21.40	26.90	24.70	24.80	0.00
222.40	21.50	26.80	24.70	24.70	0.00
222.50	21.50	26.80	24.80	24.70	0.00
222.60	21.10	26.70	24.70	25.10	0.00
222.70	21.20	26.80	25.00	25.00	0.00
222.80	21.20	26.80	25.00	25.60	0.00
222.90	21.20	26.90	25.00	25.60	0.00
223.00	21.20	26.90	24.50	25.00	0.00
223.10	21.50	26.80	24.80	24.70	0.00
223.20	21.50	26.80	25.30	25.00	0.00
223.30	21.50	26.80	24.50	25.00	0.00
223.40	21.50	26.80	23.90	25.00	0.00
223.50	21.20	26.60	24.80	24.80	0.00
223.60	21.10	26.70	25.10	24.70	0.00
223.70	21.20	26.80	24.50	24.80	0.00
223.80	21.20	26.80	24.50	24.80	0.00
223.90	21.70	27.00	24.80	25.00	0.00
224.00	21.70	27.00	25.00	24.70	0.00
224.10	21.40	27.00	24.40	24.80	0.00
224.20	21.50	26.90	25.00	23.50	0.00
224.30	21.50	26.90	25.00	24.80	0.00
224.40	21.30	27.00	24.80	24.70	0.00
224.50	21.20	26.80	24.50	24.70	0.00
224.60	21.20	26.80	24.20	25.10	0.00
224.70	21.30	26.90	24.20	25.10	0.00
224.80	21.30	26.90	25.10	24.50	0.00
224.90	21.40	27.00	24.70	25.10	0.00
225.00	21.40	27.00	24.50	25.10	0.00
225.10	21.40	27.00	25.00	25.30	0.00
225.20	21.20	26.90	24.40	25.30	0.00
225.30	21.30	27.10	24.70	24.80	0.00
225.40	21.30	27.10	24.80	24.70	0.00
225.50	21.20	27.00	24.50	25.10	0.00
225.60	21.50	27.00	24.50	25.10	0.00
225.70	21.50	27.00	24.70	25.00	0.00
225.80	21.80	27.00	24.70	24.80	0.00
225.90	21.60	26.90	24.50	25.30	0.00
226.00	21.60	26.90	24.20	24.70	0.00
226.10	21.70	26.90	24.80	24.50	0.00
226.20	21.70	26.90	25.10	24.70	0.00
226.30	21.50	26.80	24.80	24.80	0.00
226.40	21.50	26.80	24.80	24.20	0.00
226.50	21.60	26.80	24.80	24.20	0.00
226.60	21.60	26.70	24.80	24.40	0.00
226.70	21.60	26.70	24.40	25.00	0.00
226.80	21.80	26.90	25.00	24.70	0.00
226.90	21.70	26.80	24.40	25.00	0.00
227.00	21.70	26.80	24.50	25.10	0.00
227.10	21.70	26.90	24.80	24.80	0.00
227.20	21.30	26.80	25.00	25.10	0.00
227.30	21.30	26.80	24.50	24.80	0.00
227.40	21.40	26.80	24.50	24.80	0.00
227.50	21.50	26.60	25.00	25.10	0.00
227.60	21.50	26.60	25.30	24.70	0.00
227.70	21.30	26.60	24.80	25.00	0.00
227.80	21.40	26.60	24.80	24.70	0.00
227.90	21.40	26.60	24.80	24.80	0.00
228.00	21.90	26.80	25.40	24.70	0.00
228.10	21.50	26.60	24.70	24.70	0.00
228.20	21.50	26.60	24.80	24.50	0.00
228.30	21.80	26.70	24.80	24.50	0.00
228.40	21.90	26.80	24.40	24.80	0.00
228.50	21.90	26.80	24.50	24.80	0.00
228.60	21.40	26.60	24.70	25.00	0.00
228.70	21.90	26.60	24.80	24.80	0.00
228.80	21.90	26.60	24.50	25.00	0.00
228.90	21.40	26.60	24.40	24.50	0.00
229.00	21.60	26.50	24.70	24.80	0.00
229.10	21.60	26.50	24.70	24.70	0.00
229.20	21.80	26.80	24.70	24.70	0.00
229.30	21.70	26.60	24.70	24.80	0.00
229.40	21.80	26.60	24.70	24.70	0.00
229.50	21.80	26.60	25.00	25.10	0.00
229.60	21.40	26.50	24.10	24.70	0.00
229.70	21.70	26.50	24.80	24.70	0.00
229.80	21.70	26.50	24.40	24.80	0.00
229.90	21.80	26.50	24.40	25.00	0.00
230.00	21.80	26.50	24.80	24.70	0.00
230.10	21.50	26.50	24.80	24.70	0.00
230.20	21.40	26.40	25.10	24.40	0.00
230.30	21.80	26.60	24.70	24.80	0.00
230.40	21.80	26.60	24.70	24.70	0.00
230.50	21.90	26.40	24.50	24.50	0.00
230.60	21.90	26.40	24.70	24.70	0.00
230.70	21.50	26.50	24.50	24.80	0.00
230.80	21.90	26.50	24.20	25.10	0.00
230.90	21.90	26.50	24.40	24.70	0.00
231.00	21.60	26.50	24.40	24.70	0.00
231.10	21.90	26.50	24.80	25.00	0.00
231.20	21.90	26.50	24.70	24.70	0.00
231.30	21.80	26.60	24.80	24.80	0.00
231.40	21.50	26.50	24.40	24.20	0.00
231.50	21.50	26.50	25.00	24.40	0.00
231.60	21.90	26.50	24.50	24.70	0.00
231.70	22.00	26.60	24.80	24.70	0.00
231.80	22.00	26.60	24.40	24.70	0.00
231.90	21.90	26.60	24.40	24.70	0.00
232.00	21.50	26.60	24.70	24.70	0.00
232.10	21.90	26.60	24.50	24.80	0.00
232.20	21.90	26.60	24.80	24.50	0.00
232.30	21.90	26.50	24.50	25.00	0.00
232.40	21.60	26.50	24.80	25.00	0.00
232.50	21.60	26.50	24.70	25.10	0.00
232.60	21.60	26.40	24.70	24.40	0.00
232.70	21.60	26.40	24.50	24.70	0.00
232.80	21.80	26.50	24.40	24.40	0.00
232.90	22.00	26.50	24.80	24.50	0.00
233.00	22.00	26.50	24.50	24.80	0.00
233.10	21.60	26.50	24.50	25.00	0.00
233.20	21.60	26.50	24.70	24.70	0.00
233.30	21.80	26.60	24.50	25.00	0.00
233.40	21.90	26.60	24.50	25.00	0.00
233.50	21.90	26.60	23.80	24.70	0.00
233.60	21.90	26.40	23.80	24.70	0.00
233.70	21.90	26.40	25.30	24.50	0.00
233.80	21.90	26.40	24.70	24.70	0.00
233.90	21.80	26.50	24.80	24.80	0.00
234.00	21.80	26.50	25.00	25.60	0.00
234.10	21.80	26.50	24.50	25.00	0.00
234.20	22.00	26.40	24.80	24.40	0.00
234.30	22.00	26.40	24.20	24.70	0.00
234.40	21.80	26.30	24.40	24.40	0.00
234.50	21.90	26.40	24.40	24.40	0.00
234.60	21.90	26.40	25.10	24.70	0.00
234.70	21.90	26.40	25.00	24.40	0.00
234.80	22.00	26.40	24.70	24.50	0.00
234.90	22.00	26.40	24.50	24.80	0.00
235.00	21.60	26.40	23.90	25.10	0.00
235.10	22.00	26.40	24.70	24.40	0.00
235.20	22.00	26.40	24.40	24.40	0.00
235.30	21.60	26.50	24.10	24.70	0.00
235.40	21.80	26.40	24.10	24.70	0.00
235.50	21.80	26.40	24.50	24.70	0.00
235.60	21.90	26.40	24.80	24.50	0.00
235.70	21.90	26.40	24.40	24.80	0.00
235.80	21.70	26.30	25.10	24.80	0.00
235.90	21.80	26.40	24.80	24.50	0.00
236.00	21.80	26.40	24.70	24.80	0.00
236.10	21.60	26.40	24.70	24.70	0.00
236.20	22.00	26.50	24.80	24.50	0.00
236.30	22.00	26.50	24.80	24.50	0.00
236.40	22.00	26.30	24.40	24.40	0.00
236.50	21.60	26.40	24.70	24.70	0.00
236.60	21.60	26.40	24.70	24.40	0.00
236.70	21.50	26.30	24.50	24.50	0.00
236.80	21.80	26.40	24.80	25.00	0.00
236.90	21.80	26.40	24.20	24.50	0.00
237.00	22.00	26.40	24.50	24.80	0.00
237.10	22.10	26.40	24.40	25.00	0.00
237.20	22.10	26.40	24.40	25.00	0.00
237.30	21.70	26.40	24.40	24.70	0.00
237.40	22.10	26.50	24.50	24.50	0.00
237.50	21.80	26.30	24.50	24.50	0.00
237.60	21.80	26.30	24.50	24.70	0.00
237.70	22.00	26.40	24.70	24.40	0.00
237.80	22.00	26.40	24.70	24.50	0.00
237.90	21.60	26.30	24.80	25.10	0.00
238.00	22.10	26.40	24.50	24.20	0.00
238.10	21.70	26.20	24.50	24.20	0.00
238.20	21.70	26.20	24.40	25.00	0.00
238.30	22.10	26.30	24.50	24.50	0.00
238.40	21.90	26.30	24.70	24.40	0.00
238.50	21.90	26.30	24.70	25.00	0.00
238.60	21.90	26.20	24.40	24.40	0.00
238.70	22.10	26.30	25.00	24.50	0.00
238.80	22.10	26.30	24.70	24.70	0.00
238.90	21.90	26.30	24.50	24.20	0.00
239.00	21.80	26.20	24.50	24.70	0.00
239.10	21.80	26.20	24.80	24.40	0.00
239.20	21.80	26.20	24.40	24.80	0.00
239.30	21.80	26.20	25.10	24.70	0.00
239.40	21.80	26.30	25.00	24.80	0.00
239.50	22.00	26.30	24.80	25.50	0.00
239.60	22.00	26.30	24.40	24.50	0.00
239.70	22.00	26.30	24.50	24.20	0.00
239.80	21.80	26.30	24.80	24.80	0.00
239.90	21.80	26.30	24.80	25.00	0.00
240.00	22.20	26.30	24.50	24.80	0.00
240.10	22.00	26.40	24.50	25.00	0.00
240.20	22.00	26.40	24.10	24.50	0.00
240.30	21.80	26.20	24.70	24.50	0.00
240.40	22.20	26.30	25.00	24.40	0.00
240.50	22.20	26.30	24.10	24.70	0.00
240.60	21.80	26.40	24.50	24.20	0.00
240.70	22.10	26.30	24.50	24.20	0.00
240.80	22.10	26.30	24.50	24.40	0.00
240.90	22.20	26.30	24.50	24.20	0.00
241.00	22.20	26.20	24.20	24.80	0.00
241.10	22.20	26.20	24.50	24.20	0.00
241.20	21.70	26.20	24.40	24.50	0.00
241.30	21.90	26.30	24.70	24.80	0.00
241.40	21.90	26.30	24.80	24.50	0.00
241.50	22.00	26.30	24.40	24.50	0.00
241.60	21.80	26.10	24.40	24.50	0.00
241.70	21.80	26.10	24.20	24.70	0.00
241.80	22.00	26.20	24.80	24.80	0.00
241.90	22.20	26.20	25.10	24.40	0.00
242.00	22.20	26.20	24.70	24.70	0.00
242.10	22.20	26.20	24.20	24.70	0.00
242.20	21.70	26.00	23.80	24.50	0.00
242.30	21.70	26.00	24.40	24.70	0.00
242.40	22.10	26.20	24.40	24.70	0.00
242.50	21.80	26.20	24.40	24.70	0.00
242.60	21.70	26.20	24.80	24.50	0.00
242.70	21.70	26.20	25.00	24.20	0.00
242.80	21.80	26.10	24.70	24.40	0.00
242.90	21.90	26.30	24.40	24.70	0.00
243.00	21.90	26.30	24.80	24.40	0.00
243.10	21.80	26.10	25.00	24.70	0.00
243.20	22.00	26.10	24.50	24.50	0.00
243.30	22.00	26.10	24.20	24.50	0.00
243.40	22.30	26.40	24.70	24.40	0.00
243.50	22.20	26.20	24.40	24.50	0.00
243.60	22.20	26.20	24.20	24.80	0.00
243.70	22.00	26.20	24.70	24.70	0.00
243.80	22.00	26.20	24.70	24.50	0.00
243.90	21.90	26.00	25.00	25.80	0.00
244.00	21.80	26.10	24.50	24.50	0.00
244.10	21.80	26.10	24.80	24.50	0.00
244.20	22.20	26.10	24.80	24.50	0.00
244.30	22.20	26.10	24.20	24.70	0.00
244.40	21.90	26.10	24.50	24.20	0.00
244.50	21.90	26.10	24.20	24.50	0.00
244.60	22.10	25.90	24.40	24.50	0.00
244.70	22.20	26.10	25.10	24.40	0.00
244.80	22.20	26.10	25.10	24.40	0.00
244.90	22.10	25.90	24.80	24.70	0.00
245.00	22.10	25.90	25.00	25.00	0.00
245.10	21.80	26.00	25.00	25.00	0.00
245.20	22.10	26.00	24.70	24.50	0.00
245.30	22.10	26.10	24.80	24.80	0.00
245.40	22.10	26.10	24.50	24.50	0.00
245.50	22.10	26.00	24.80	24.50	0.00
245.60	21.80	26.00	24.50	24.50	0.00
245.70	21.80	26.00	24.50	24.10	0.00
245.80	21.90	26.00	24.50	24.40	0.00
245.90	22.30	26.10	24.40	24.80	0.00
246.00	22.30	26.10	24.40	24.80	0.00
246.10	21.80	26.00	24.40	24.40	0.00
246.20	22.30	26.00	24.50	25.00	0.00
246.30	22.30	26.00	24.80	25.30	0.00
246.40	22.30	26.00	24.50	24.50	0.00
246.50	22.10	25.90	24.40	24.40	0.00
246.60	22.10	25.90	24.10	24.50	0.00
246.70	22.00	25.90	24.40	24.80	0.00
246.80	21.80	25.90	24.80	25.00	0.00
246.90	21.80	25.90	24.80	25.00	0.00
247.00	22.20	26.00	24.70	24.70	0.00
247.10	22.00	26.10	24.40	24.50	0.00
247.20	21.80	25.90	24.50	24.40	0.00
247.30	21.80	25.90	24.70	24.40	0.00
247.40	22.20	25.90	24.70	25.00	0.00
247.50	22.20	25.90	24.70	24.70	0.00
247.60	21.90	26.00	25.60	24.20	0.00
247.70	22.20	25.90	24.20	25.00	0.00
247.80	22.20	25.90	24.20	25.00	0.00
247.90	21.90	26.00	24.40	24.40	0.00
248.00	22.20	26.00	24.50	25.00	0.00
248.10	22.20	25.90	24.10	24.50	0.00
248.20	22.20	25.90	24.70	24.50	0.00
248.30	22.30	26.00	25.00	24.50	0.00
248.40	22.20	26.00	24.50	24.50	0.00
248.50	22.20	26.00	24.10	24.70	0.00
248.60	22.30	26.00	24.20	24.70	0.00
248.70	22.20	25.90	24.80	25.00	0.00
248.80	22.20	25.90	24.80	24.70	0.00
248.90	21.80	25.80	23.90	24.80	0.00
249.00	21.80	25.80	24.40	24.40	0.00
249.10	22.30	25.90	24.20	24.80	0.00
249.20	22.30	25.90	24.10	24.80	0.00
249.30	22.30	25.90	24.20	24.70	0.00
249.40	22.30	25.90	24.50	24.20	0.00
249.50	21.90	25.90	24.50	24.20	0.00
249.60	21.90	25.90	25.30	24.70	0.00
249.70	21.90	25.80	24.80	24.50	0.00
249.80	22.20	25.90	24.40	24.40	0.00
249.90	22.20	25.90	24.40	24.70	0.00
250.00	21.90	25.80	25.00	24.70	0.00
250.10	21.90	25.80	24.40	24.80	0.00
250.20	21.90	25.80	24.70	25.00	0.00
250.30	22.00	25.70	24.50	24.40	0.00
250.40	21.90	25.70	24.50	24.40	0.00
250.50	21.90	25.70	24.80	25.00	0.00
250.60	22.30	25.80	24.40	24.50	0.00
250.70	22.10	25.70	24.50	24.40	0.00
250.80	22.10	25.70	24.80	24.70	0.00
250.90	22.20	25.80	24.20	24.80	0.00
251.00	22.20	26.00	24.70	24.70	0.00
251.10	22.20	26.00	24.70	24.50	0.00
251.20	22.20	25.80	24.40	24.80	0.00
251.30	22.00	25.70	24.40	24.80	0.00
251.40	22.00	25.70	24.40	24.70	0.00
251.50	22.30	25.80	24.50	24.40	0.00
251.60	22.30	25.80	24.40	24.50	0.00
251.70	22.30	25.80	24.20	24.50	0.00
251.80	22.40	26.00	24.20	24.80	0.00
251.90	22.20	25.80	24.50	24.40	0.00
252.00	22.20	25.80	25.00	24.40	0.00
252.10	22.20	25.70	24.80	24.50	0.00
252.20	22.00	25.70	24.80	24.50	0.00
252.30	22.00	25.70	24.20	24.20	0.00
252.40	22.20	25.80	24.40	24.40	0.00
252.50	22.00	25.80	24.50	24.80	0.00
252.60	22.00	25.80	24.50	24.50	0.00
252.70	21.90	25.80	24.70	24.10	0.00
252.80	21.90	25.80	24.10	24.50	0.00
252.90	21.90	25.80	24.80	25.00	0.00
253.00	21.80	25.70	24.80	24.70	0.00
253.10	22.10	25.70	24.80	24.70	0.00
253.20	22.10	25.70	24.50	24.70	0.00
253.30	22.00	25.80	24.50	24.70	0.00
253.40	21.90	25.90	24.70	24.50	0.00
253.50	21.90	25.90	24.40	24.70	0.00
253.60	22.20	25.70	24.70	24.70	0.00
253.70	21.90	25.70	24.50	24.70	0.00
253.80	22.40	25.70	24.50	24.50	0.00
253.90	22.40	25.70	25.00	22.80	0.00
254.00	22.20	25.80	25.00	22.80	0.00
254.10	22.20	25.70	24.50	24.50	0.00
254.20	22.20	25.70	24.70	24.40	0.00
254.30	22.00	25.70	25.60	24.20	0.00
254.40	22.10	25.70	24.20	24.40	0.00
254.50	22.10	25.70	24.80	24.40	0.00
254.60	22.10	25.70	24.40	24.70	0.00
254.70	22.10	25.70	24.70	24.80	0.00
254.80	22.10	25.70	24.40	24.50	0.00
254.90	22.00	25.50	24.40	24.50	0.00
255.00	22.30	25.70	24.50	25.00	0.00
255.10	22.30	25.70	24.50	24.50	0.00
255.20	22.30	25.70	24.50	24.50	0.00
255.30	22.00	25.80	24.40	24.70	0.00
255.40	22.00	25.80	24.40	24.70	0.00
255.50	22.00	25.70	24.50	24.80	0.00
255.60	22.00	25.60	24.70	25.00	0.00
255.70	22.00	25.60	24.70	24.40	0.00
255.80	22.10	25.70	24.70	24.40	0.00
255.90	22.00	25.70	24.80	24.50	0.00
256.00	22.00	25.70	24.40	24.40	0.00
256.10	22.30	25.70	24.50	24.50	0.00
256.20	22.30	25.80	24.50	24.80	0.00
256.30	22.30	25.80	24.40	24.50	0.00
256.40	22.30	25.70	25.10	24.50	0.00
256.50	22.30	25.60	24.70	24.50	0.00
256.60	22.30	25.60	24.40	24.50	0.00
256.70	22.00	25.60	24.40	24.50	0.00
256.80	22.00	25.70	24.20	24.20	0.00
256.90	22.30	25.70	24.50	24.40	0.00
257.00	22.30	25.70	24.20	24.20	0.00
257.10	22.50	25.60	24.50	24.40	0.00
257.20	22.50	25.60	24.70	24.50	0.00
257.30	22.00	25.70	24.40	24.80	0.00
257.40	22.00	25.80	24.50	24.70	0.00
257.50	22.00	25.80	24.70	24.40	0.00
257.60	22.10	25.70	24.70	24.40	0.00
257.70	22.00	25.70	24.70	24.40	0.00
257.80	22.00	25.70	24.80	24.70	0.00
257.90	21.90	25.60	24.50	25.00	0.00
258.00	22.10	25.70	24.50	24.70	0.00
258.10	22.10	25.70	24.20	24.50	0.00
258.20	22.00	25.60	24.70	24.50	0.00
258.30	22.30	25.70	24.40	24.50	0.00
258.40	22.30	25.70	24.80	24.50	0.00
258.50	22.00	25.60	24.80	24.50	0.00
258.60	22.40	25.80	24.70	24.80	0.00
258.70	22.40	25.80	24.50	24.20	0.00
258.80	22.30	25.60	24.40	24.70	0.00
258.90	22.00	25.70	24.20	24.40	0.00
259.00	22.00	25.70	24.70	24.50	0.00
259.10	22.40	25.70	24.70	24.40	0.00
259.20	22.00	25.70	24.50	24.40	0.00
259.30	22.00	25.70	24.20	24.40	0.00
259.40	22.10	25.60	24.20	24.40	0.00
259.50	22.40	25.60	24.20	24.50	0.00
259.60	22.40	25.60	24.50	24.80	0.00
259.70	22.30	25.60	24.10	23.60	0.00
259.80	22.40	25.60	24.10	24.50	0.00
259.90	22.40	25.60	24.70	24.70	0.00
260.00	22.00	25.50	24.40	24.50	0.00
260.10	22.10	25.60	24.40	24.50	0.00
260.20	22.00	25.70	24.70	24.20	0.00
260.30	22.00	25.70	24.70	24.20	0.00
260.40	22.30	25.60	24.40	24.20	0.00
260.50	22.30	25.60	24.40	24.40	0.00
260.60	22.20	25.60	24.40	25.10	0.00
260.70	22.10	25.50	24.50	24.40	0.00
260.80	22.10	25.50	24.50	24.70	0.00
260.90	22.00	25.70	24.70	24.40	0.00
261.00	22.10	25.50	24.80	24.40	0.00
261.10	22.10	25.50	24.10	24.50	0.00
261.20	22.00	25.50	24.10	24.50	0.00
261.30	22.00	25.50	24.20	24.40	0.00
261.40	22.00	25.50	24.40	24.50	0.00
261.50	22.20	25.60	24.10	24.50	0.00
261.60	22.20	25.60	25.10	24.20	0.00
261.70	22.20	25.60	24.70	24.20	0.00
261.80	22.30	25.60	24.70	24.40	0.00
261.90	22.30	25.60	25.30	24.40	0.00
262.00	22.10	25.60	24.50	24.50	0.00
262.10	22.30	25.60	24.50	24.50	0.00
262.20	22.30	25.60	24.70	24.40	0.00
262.30	22.10	25.50	24.70	24.50	0.00
262.40	22.20	25.60	24.50	24.70	0.00
262.50	22.20	25.60	24.80	24.40	0.00
262.60	22.30	25.60	24.50	24.20	0.00
262.70	22.30	25.60	24.10	24.70	0.00
262.80	22.30	25.60	25.00	24.40	0.00
262.90	22.40	25.50	24.50	24.50	0.00
263.00	22.20	25.50	24.40	24.70	0.00
263.10	22.20	25.50	24.20	24.40	0.00
263.20	22.20	25.50	24.20	24.80	0.00
263.30	22.20	25.50	24.80	24.70	0.00
263.40	22.20	25.50	24.70	24.80	0.00
263.50	22.40	25.70	24.20	24.80	0.00
263.60	22.20	25.50	24.10	24.50	0.00
263.70	22.20	25.50	24.20	24.80	0.00
263.80	22.30	25.40	24.10	24.80	0.00
263.90	22.30	25.40	24.40	24.70	0.00
264.00	22.20	25.50	24.50	24.50	0.00
